  0.06498536   0.65980747   0.38700000 
  0.07169449   0.65847294   0.38700000 
  0.07840361   0.65713841   0.38700000 
  0.08511274   0.65580389   0.38700000 
  0.09182186   0.65446936   0.38700000 
  0.09853099   0.65313483   0.38700000 
  0.10524011   0.65180030   0.38700000 
  0.11194924   0.65046577   0.38700000 
  0.11865836   0.64913125   0.38700000 
  0.12536749   0.64779672   0.38700000 
  0.13207661   0.64646219   0.38700000 
  0.13878574   0.64512766   0.38700000 
  0.14549486   0.64379314   0.38700000 
  0.15220399   0.64245861   0.38700000 
  0.15891311   0.64112408   0.38700000 
  0.16562224   0.63978955   0.38700000 
  0.17233136   0.63845502   0.38700000 
  0.17904049   0.63712050   0.38700000 
  0.18574961   0.63578597   0.38700000 
  0.19245874   0.63445144   0.38700000 
  0.19437504   0.64076864   0.38700000 
  0.19629134   0.64708584   0.38700000 
  0.19820765   0.65340304   0.38700000 
  0.20012395   0.65972025   0.38700000 
  0.20204025   0.66603745   0.38700000 
  0.20395655   0.67235465   0.38700000 
  0.20587285   0.67867185   0.38700000 
  0.20778916   0.68498905   0.38700000 
  0.20970546   0.69130625   0.38700000 
  0.21162176   0.69762345   0.38700000 
  0.21353806   0.70394066   0.38700000 
  0.21545437   0.71025786   0.38700000 
  0.21737067   0.71657506   0.38700000 
  0.21928697   0.72289226   0.38700000 
  0.22120327   0.72920946   0.38700000 
  0.22311957   0.73552666   0.38700000 
  0.22503588   0.74184387   0.38700000 
  0.22695218   0.74816107   0.38700000 
  0.22886848   0.75447827   0.38700000 
  0.23078478   0.76079547   0.38700000 
  0.23270108   0.76711267   0.38700000 
  0.23461739   0.77342987   0.38700000 
  0.23653369   0.77974707   0.38700000 
  0.23844999   0.78606428   0.38700000 
  0.24036629   0.79238148   0.38700000 
  0.24228260   0.79869868   0.38700000 
  0.24419890   0.80501588   0.38700000 
  0.24611520   0.81133308   0.38700000 
  0.24803150   0.81765028   0.38700000 
  0.24994780   0.82396748   0.38700000 
  0.25186411   0.83028469   0.38700000 
  0.25378041   0.83660189   0.38700000 
  0.25569671   0.84291909   0.38700000 
  0.25761301   0.84923629   0.38700000 
  0.25952931   0.85555349   0.38700000 
  0.26144562   0.86187069   0.38700000 
  0.26336192   0.86818790   0.38700000 
  0.26527822   0.87450510   0.38700000 
  0.26719452   0.88082230   0.38700000 
  0.26911083   0.88713950   0.38700000 
  0.27102713   0.89345670   0.38700000 
  0.27294343   0.89977390   0.38700000 
  0.27485973   0.90609110   0.38700000 
  0.27677603   0.91240831   0.38700000 
  0.27869234   0.91872551   0.38700000 
  0.28060864   0.92504271   0.38700000 
  0.28252494   0.93135991   0.38700000 
  0.27584180   0.93268927   0.38700000 
  0.26915866   0.93401863   0.38700000 
  0.26247552   0.93534799   0.38700000 
  0.25579238   0.93667735   0.38700000 
  0.24910924   0.93800671   0.38700000 
  0.24242610   0.93933607   0.38700000 
  0.23574295   0.94066542   0.38700000 
  0.22905981   0.94199478   0.38700000 
  0.22237667   0.94332414   0.38700000 
  0.21569353   0.94465350   0.38700000 
  0.20901039   0.94598286   0.38700000 
  0.20232725   0.94731222   0.38700000 
  0.19564411   0.94864158   0.38700000 
  0.18896097   0.94997094   0.38700000 
  0.18227783   0.95130030   0.38700000 
  0.17559469   0.95262966   0.38700000 
  0.16891155   0.95395902   0.38700000 
  0.16222841   0.95528838   0.38700000 
  0.15554527   0.95661774   0.38700000 
  0.14886212   0.95794710   0.38700000 
  0.14217898   0.95927645   0.38700000 
  0.13549584   0.96060581   0.38700000 
  0.12881270   0.96193517   0.38700000 
  0.12212956   0.96326453   0.38700000 
  0.11544642   0.96459389   0.38700000 
  0.10876328   0.96592325   0.38700000 
  0.10208014   0.96725261   0.38700000 
  0.09539700   0.96858197   0.38700000 
  0.09604913   0.97520320   0.38700000 
  0.09670127   0.98182442   0.38700000 
  0.09735340   0.98844565   0.38700000 
  0.09800553   0.99506688   0.38700000 
  0.09865767   1.00168810   0.38700000 
  0.09930980   1.00830933   0.38700000 
  0.09996194   1.01493056   0.38700000 
  0.10061407   1.02155178   0.38700000 
  0.10126620   1.02817301   0.38700000 
  0.10191834   1.03479424   0.38700000 
  0.10257047   1.04141546   0.38700000 
  0.10322261   1.04803669   0.38700000 
  0.10387474   1.05465792   0.38700000 
  0.10452687   1.06127914   0.38700000 
  0.10517901   1.06790037   0.38700000 
  0.10583114   1.07452160   0.38700000 
  0.10648328   1.08114282   0.38700000 
  0.10713541   1.08776405   0.38700000 
  0.10778754   1.09438528   0.38700000 
  0.10843968   1.10100650   0.38700000 
  0.10909181   1.10762773   0.38700000 
  0.10974395   1.11424896   0.38700000 
  0.11039608   1.12087018   0.38700000 
  0.11104821   1.12749141   0.38700000 
  0.11170035   1.13411264   0.38700000 
  0.11235248   1.14073386   0.38700000 
  0.11300462   1.14735509   0.38700000 
  0.11365675   1.15397632   0.38700000 
  0.11430888   1.16059754   0.38700000 
  0.11496102   1.16721877   0.38700000 
  0.11561315   1.17384000   0.38700000 
  0.11626528   1.18046123   0.38700000 
  0.11691742   1.18708245   0.38700000 
  0.11756955   1.19370368   0.38700000 
  0.11822169   1.20032491   0.38700000 
  0.11887382   1.20694613   0.38700000 
  0.11952595   1.21356736   0.38700000 
  0.12017809   1.22018859   0.38700000 
  0.12083022   1.22680981   0.38700000 
  0.12148236   1.23343104   0.38700000 
  0.12213449   1.24005227   0.38700000 
  0.12278662   1.24667349   0.38700000 
  0.12343876   1.25329472   0.38700000 
  0.12409089   1.25991595   0.38700000 
  0.12474303   1.26653717   0.38700000 
  0.12539516   1.27315840   0.38700000 
  0.12604729   1.27977963   0.38700000 
  0.12669943   1.28640085   0.38700000 
  0.12735156   1.29302208   0.38700000 
  0.12800370   1.29964331   0.38700000 
  0.12865583   1.30626453   0.38700000 
  0.12930796   1.31288576   0.38700000 
  0.12996010   1.31950699   0.38700000 
  0.13061223   1.32612821   0.38700000 
  0.13126437   1.33274944   0.38700000 
  0.13191650   1.33937067   0.38700000 
  0.13256863   1.34599189   0.38700000 
  0.13322077   1.35261312   0.38700000 
  0.13387290   1.35923435   0.38700000 
  0.13452504   1.36585557   0.38700000 
  0.13517717   1.37247680   0.38700000 
  0.13999825   1.37151783   0.38700000 
  0.14481934   1.37055885   0.38700000 
  0.14964042   1.36959988   0.38700000 
  0.15446150   1.36864091   0.38700000 
  0.15928258   1.36768194   0.38700000 
  0.16410367   1.36672296   0.38700000 
  0.16892475   1.36576399   0.38700000 
  0.17374583   1.36480502   0.38700000 
  0.17856691   1.36384605   0.38700000 
  0.18338800   1.36288707   0.38700000 
  0.18820908   1.36192810   0.38700000 
  0.19303016   1.36096913   0.38700000 
  0.19785125   1.36001015   0.38700000 
  0.20267233   1.35905118   0.38700000 
  0.20749341   1.35809221   0.38700000 
  0.21231449   1.35713324   0.38700000 
  0.21713558   1.35617426   0.38700000 
  0.22195666   1.35521529   0.38700000 
  0.22677774   1.35425632   0.38700000 
  0.23159882   1.35329735   0.38700000 
  0.23641991   1.35233837   0.38700000 
  0.24124099   1.35137940   0.38700000 
  0.24606207   1.35042043   0.38700000 
  0.25088316   1.34946145   0.38700000 
  0.25570424   1.34850248   0.38700000 
  0.26052532   1.34754351   0.38700000 
  0.26534640   1.34658454   0.38700000 
  0.27016749   1.34562556   0.38700000 
  0.27498857   1.34466659   0.38700000 
  0.27980965   1.34370762   0.38700000 
  0.28463073   1.34274865   0.38700000 
  0.28945182   1.34178967   0.38700000 
  0.29427290   1.34083070   0.38700000 
  0.29909398   1.33987173   0.38700000 
  0.30391507   1.33891275   0.38700000 
  0.30873615   1.33795378   0.38700000 
  0.31355723   1.33699481   0.38700000 
  0.31837831   1.33603584   0.38700000 
  0.32319940   1.33507686   0.38700000 
  0.32802048   1.33411789   0.38700000 
  0.33284156   1.33315892   0.38700000 
  0.33766264   1.33219995   0.38700000 
  0.34248373   1.33124097   0.38700000 
  0.34730481   1.33028200   0.38700000 
  0.35212589   1.32932303   0.38700000 
  0.35694698   1.32836405   0.38700000 
  0.36176806   1.32740508   0.38700000 
  0.36658914   1.32644611   0.38700000 
  0.37141022   1.32548714   0.38700000 
  0.37623131   1.32452816   0.38700000 
  0.38105239   1.32356919   0.38700000 
  0.38587347   1.32261022   0.38700000 
  0.39069455   1.32165125   0.38700000 
  0.39551564   1.32069227   0.38700000 
  0.40033672   1.31973330   0.38700000 
  0.40243701   1.32665705   0.38700000 
  0.40453731   1.33358080   0.38700000 
  0.40663761   1.34050455   0.38700000 
  0.40873790   1.34742830   0.38700000 
  0.41083820   1.35435205   0.38700000 
  0.41293849   1.36127580   0.38700000 
  0.41503879   1.36819955   0.38700000 
  0.41713908   1.37512330   0.38700000 
  0.41713908   1.37512330   0.38041823 
  0.41713908   1.37512330   0.37383646 
  0.41713908   1.37512330   0.36725468 
  0.41713908   1.37512330   0.36067291 
  0.41713908   1.37512330   0.35409114 
  0.41713908   1.37512330   0.34750937 
  0.41713908   1.37512330   0.34092760 
  0.41713908   1.37512330   0.33434583 
  0.41713908   1.37512330   0.32776405 
  0.41713908   1.37512330   0.32118228 
  0.41713908   1.37512330   0.31460051 
  0.41713908   1.37512330   0.30801874 
  0.41713908   1.37512330   0.30143697 
  0.41713908   1.37512330   0.29485519 
  0.41713908   1.37512330   0.28827342 
  0.41713908   1.37512330   0.28169165 
  0.41713908   1.37512330   0.27510988 
  0.41713908   1.37512330   0.26852811 
  0.41713908   1.37512330   0.26194634 
  0.41713908   1.37512330   0.25536456 
  0.41713908   1.37512330   0.24878279 
  0.41713908   1.37512330   0.24220102 
  0.41713908   1.37512330   0.23561925 
  0.41713908   1.37512330   0.22903748 
  0.41713908   1.37512330   0.22245570 
  0.41713908   1.37512330   0.21587393 
  0.41713908   1.37512330   0.20929216 
  0.41713908   1.37512330   0.20271039 
  0.41713908   1.37512330   0.19612862 
  0.41713908   1.37512330   0.18954685 
  0.41713908   1.37512330   0.18296507 
  0.41713908   1.37512330   0.17638330 
  0.41713908   1.37512330   0.16980153 
  0.41713908   1.37512330   0.16321976 
  0.41713908   1.37512330   0.15663799 
  0.41713908   1.37512330   0.15005621 
  0.41713908   1.37512330   0.14347444 
  0.41713908   1.37512330   0.13689267 
  0.41713908   1.37512330   0.13031090 
  0.41713908   1.37512330   0.12372913 
  0.41713908   1.37512330   0.11714736 
  0.41713908   1.37512330   0.11056558 
  0.41713908   1.37512330   0.10398381 
  0.41713908   1.37512330   0.09740204 
  0.41713908   1.37512330   0.09082027 
  0.41713908   1.37512330   0.08423850 
  0.41713908   1.37512330   0.07765672 
  0.41713908   1.37512330   0.07107495 
  0.41713908   1.37512330   0.06449318 
  0.41713908   1.37512330   0.05791141 
  0.41713908   1.37512330   0.05132964 
  0.41713908   1.37512330   0.04474787 
  0.41713908   1.37512330   0.03816609 
  0.41713908   1.37512330   0.03158432 
  0.41713908   1.37512330   0.02500255 
  0.41713908   1.37512330   0.01842078 
  0.41713908   1.37512330   0.01183901 
  0.41713908   1.37512330   0.00525723 
  0.41713908   1.37512330  -0.00132454 
  0.41713908   1.37512330  -0.00790631 
  0.41713908   1.37512330  -0.01448808 
  0.41713908   1.37512330  -0.02106985 
  0.41713908   1.37512330  -0.02765162 
  0.41713908   1.37512330  -0.03423340 
  0.41713908   1.37512330  -0.04081517 
  0.41713908   1.37512330  -0.04739694 
  0.41713908   1.37512330  -0.05397871 
  0.41713908   1.37512330  -0.06056048 
  0.41713908   1.37512330  -0.06714226 
  0.41713908   1.37512330  -0.07372403 
  0.41713908   1.37512330  -0.08030580 
  0.41713908   1.37512330  -0.08688757 
  0.41713908   1.37512330  -0.09346934 
  0.41713908   1.37512330  -0.10005111 
  0.41713908   1.37512330  -0.10663289 
  0.41713908   1.37512330  -0.11321466 
  0.41713908   1.37512330  -0.11979643 
  0.41056078   1.37643180  -0.11979643 
  0.40398249   1.37774031  -0.11979643 
  0.39740419   1.37904881  -0.11979643 
  0.39082589   1.38035732  -0.11979643 
  0.38424760   1.38166582  -0.11979643 
  0.37766930   1.38297433  -0.11979643 
  0.37109100   1.38428283  -0.11979643 
  0.36451271   1.38559134  -0.11979643 
  0.35793441   1.38689984  -0.11979643 
  0.35135612   1.38820835  -0.11979643 
  0.34477782   1.38951685  -0.11979643 
  0.33819952   1.39082536  -0.11979643 
  0.33162123   1.39213386  -0.11979643 
  0.32504293   1.39344237  -0.11979643 
  0.31846463   1.39475087  -0.11979643 
  0.31188634   1.39605938  -0.11979643 
  0.30530804   1.39736788  -0.11979643 
  0.29872974   1.39867639  -0.11979643 
  0.29215145   1.39998489  -0.11979643 
  0.28557315   1.40129340  -0.11979643 
  0.27899485   1.40260190  -0.11979643 
  0.27241656   1.40391040  -0.11979643 
  0.26583826   1.40521891  -0.11979643 
  0.25925997   1.40652741  -0.11979643 
  0.25268167   1.40783592  -0.11979643 
  0.24610337   1.40914442  -0.11979643 
  0.23952508   1.41045293  -0.11979643 
  0.23294678   1.41176143  -0.11979643 
  0.22636848   1.41306994  -0.11979643 
  0.21979019   1.41437844  -0.11979643 
  0.21321189   1.41568695  -0.11979643 
  0.20663359   1.41699545  -0.11979643 
  0.20005530   1.41830396  -0.11979643 
  0.19347700   1.41961246  -0.11979643 
  0.18689871   1.42092097  -0.11979643 
  0.18032041   1.42222947  -0.11979643 
  0.17374211   1.42353798  -0.11979643 
  0.16716382   1.42484648  -0.11979643 
  0.16058552   1.42615499  -0.11979643 
  0.15400722   1.42746349  -0.11979643 
  0.14742893   1.42877200  -0.11979643 
  0.14085063   1.43008050  -0.11979643 
  0.14085063   1.43008050  -0.12647652 
  0.14085063   1.43008050  -0.13315661 
  0.14085063   1.43008050  -0.13983670 
  0.14085063   1.43008050  -0.14651679 
  0.14085063   1.43008050  -0.15319688 
  0.14085063   1.43008050  -0.15987697 
  0.14085063   1.43008050  -0.16655705 
  0.14085063   1.43008050  -0.17323714 
  0.14085063   1.43008050  -0.17991723 
  0.14085063   1.43008050  -0.18659732 
  0.14085063   1.43008050  -0.19327741 
  0.14085063   1.43008050  -0.19995750 
  0.14085063   1.43008050  -0.20663759 
  0.14085063   1.43008050  -0.21331768 
  0.14085063   1.43008050  -0.21999777 
  0.14085063   1.43008050  -0.22667786 
  0.14085063   1.43008050  -0.23335795 
  0.14085063   1.43008050  -0.24003804 
  0.14085063   1.43008050  -0.24671813 
  0.14085063   1.43008050  -0.25339821 
  0.14085063   1.43008050  -0.26007830 
  0.14085063   1.43008050  -0.26675839 
  0.14085063   1.43008050  -0.27343848 
  0.14085063   1.43008050  -0.28011857 
  0.14085063   1.43008050  -0.28679866 
  0.14085063   1.43008050  -0.29347875 
  0.14085063   1.43008050  -0.30015884 
  0.14085063   1.43008050  -0.30683893 
  0.14085063   1.43008050  -0.31351902 
  0.14085063   1.43008050  -0.32019911 
  0.14085063   1.43008050  -0.32687920 
  0.14085063   1.43008050  -0.33355929 
  0.14085063   1.43008050  -0.34023938 
  0.14085063   1.43008050  -0.34691946 
  0.14085063   1.43008050  -0.35359955 
  0.14085063   1.43008050  -0.36027964 
  0.14085063   1.43008050  -0.36695973 
  0.14085063   1.43008050  -0.37363982 
  0.14085063   1.43008050  -0.38031991 
  0.14085063   1.43008050  -0.38700000 
  0.14019176   1.42339088  -0.38700000 
  0.13953289   1.41670126  -0.38700000 
  0.13887402   1.41001164  -0.38700000 
  0.13821515   1.40332202  -0.38700000 
  0.13755628   1.39663240  -0.38700000 
  0.13689741   1.38994278  -0.38700000 
  0.13623854   1.38325316  -0.38700000 
  0.13557967   1.37656354  -0.38700000 
  0.13492080   1.36987392  -0.38700000 
  0.13426193   1.36318430  -0.38700000 
  0.13360306   1.35649468  -0.38700000 
  0.13294419   1.34980506  -0.38700000 
  0.13228532   1.34311544  -0.38700000 
  0.13162645   1.33642582  -0.38700000 
  0.13096758   1.32973620  -0.38700000 
  0.13030871   1.32304658  -0.38700000 
  0.12964984   1.31635696  -0.38700000 
  0.12899097   1.30966734  -0.38700000 
  0.12833210   1.30297772  -0.38700000 
  0.12767323   1.29628810  -0.38700000 
  0.12701436   1.28959848  -0.38700000 
  0.12635549   1.28290886  -0.38700000 
  0.12569663   1.27621924  -0.38700000 
  0.12503776   1.26952962  -0.38700000 
  0.12437889   1.26284000  -0.38700000 
  0.12372002   1.25615038  -0.38700000 
  0.12306115   1.24946076  -0.38700000 
  0.12240228   1.24277114  -0.38700000 
  0.12174341   1.23608152  -0.38700000 
  0.12108454   1.22939190  -0.38700000 
  0.12042567   1.22270228  -0.38700000 
  0.11976680   1.21601266  -0.38700000 
  0.11910793   1.20932304  -0.38700000 
  0.11844906   1.20263342  -0.38700000 
  0.11779019   1.19594380  -0.38700000 
  0.11713132   1.18925418  -0.38700000 
  0.11647245   1.18256456  -0.38700000 
  0.11581358   1.17587494  -0.38700000 
  0.11515471   1.16918532  -0.38700000 
  0.11449584   1.16249570  -0.38700000 
  0.11383697   1.15580608  -0.38700000 
  0.11317810   1.14911646  -0.38700000 
  0.11251923   1.14242684  -0.38700000 
  0.11186036   1.13573722  -0.38700000 
  0.11120149   1.12904760  -0.38700000 
  0.11781148   1.12773279  -0.38700000 
  0.12442146   1.12641799  -0.38700000 
  0.13103145   1.12510318  -0.38700000 
  0.13764144   1.12378838  -0.38700000 
  0.14425142   1.12247357  -0.38700000 
  0.15086141   1.12115876  -0.38700000 
  0.15747139   1.11984396  -0.38700000 
  0.16408138   1.11852915  -0.38700000 
  0.17069137   1.11721435  -0.38700000 
  0.17730135   1.11589954  -0.38700000 
  0.18391134   1.11458473  -0.38700000 
  0.19052133   1.11326993  -0.38700000 
  0.19713131   1.11195512  -0.38700000 
  0.20374130   1.11064032  -0.38700000 
  0.21035129   1.10932551  -0.38700000 
  0.21696127   1.10801070  -0.38700000 
  0.22357126   1.10669590  -0.38700000 
  0.23018124   1.10538109  -0.38700000 
  0.23679123   1.10406628  -0.38700000 
  0.24340122   1.10275148  -0.38700000 
  0.25001120   1.10143667  -0.38700000 
  0.25662119   1.10012187  -0.38700000 
  0.26323118   1.09880706  -0.38700000 
  0.26984116   1.09749225  -0.38700000 
  0.27645115   1.09617745  -0.38700000 
  0.28306114   1.09486264  -0.38700000 
  0.28967112   1.09354784  -0.38700000 
  0.29628111   1.09223303  -0.38700000 
  0.30289109   1.09091822  -0.38700000 
  0.30950108   1.08960342  -0.38700000 
  0.31611107   1.08828861  -0.38700000 
  0.32272105   1.08697381  -0.38700000 
  0.32933104   1.08565900  -0.38700000 
  0.32739614   1.07928048  -0.38700000 
  0.32546123   1.07290196  -0.38700000 
  0.32352633   1.06652344  -0.38700000 
  0.32159143   1.06014491  -0.38700000 
  0.31965652   1.05376639  -0.38700000 
  0.31772162   1.04738787  -0.38700000 
  0.31578672   1.04100935  -0.38700000 
  0.31385182   1.03463083  -0.38700000 
  0.31191691   1.02825231  -0.38700000 
  0.30998201   1.02187379  -0.38700000 
  0.30804711   1.01549526  -0.38700000 
  0.30611220   1.00911674  -0.38700000 
  0.30417730   1.00273822  -0.38700000 
  0.30224240   0.99635970  -0.38700000 
  0.30030749   0.98998118  -0.38700000 
  0.29837259   0.98360266  -0.38700000 
  0.29643769   0.97722414  -0.38700000 
  0.29450278   0.97084561  -0.38700000 
  0.29256788   0.96446709  -0.38700000 
  0.29063298   0.95808857  -0.38700000 
  0.28869808   0.95171005  -0.38700000 
  0.28676317   0.94533153  -0.38700000 
  0.28482827   0.93895301  -0.38700000 
  0.28289337   0.93257449  -0.38700000 
  0.28095846   0.92619596  -0.38700000 
  0.27902356   0.91981744  -0.38700000 
  0.27708866   0.91343892  -0.38700000 
  0.27515375   0.90706040  -0.38700000 
  0.27321885   0.90068188  -0.38700000 
  0.27128395   0.89430336  -0.38700000 
  0.26934905   0.88792484  -0.38700000 
  0.26741414   0.88154631  -0.38700000 
  0.26547924   0.87516779  -0.38700000 
  0.26354434   0.86878927  -0.38700000 
  0.26160943   0.86241075  -0.38700000 
  0.25967453   0.85603223  -0.38700000 
  0.25773963   0.84965371  -0.38700000 
  0.25580472   0.84327519  -0.38700000 
  0.25386982   0.83689666  -0.38700000 
  0.25193492   0.83051814  -0.38700000 
  0.25000001   0.82413962  -0.38700000 
  0.24806511   0.81776110  -0.38700000 
  0.24613021   0.81138258  -0.38700000 
  0.24419531   0.80500406  -0.38700000 
  0.24226040   0.79862554  -0.38700000 
  0.24032550   0.79224701  -0.38700000 
  0.23839060   0.78586849  -0.38700000 
  0.23645569   0.77948997  -0.38700000 
  0.23452079   0.77311145  -0.38700000 
  0.22804859   0.77439885  -0.38700000 
  0.22157639   0.77568625  -0.38700000 
  0.21510419   0.77697365  -0.38700000 
  0.20863199   0.77826105  -0.38700000 
  0.20215979   0.77954845  -0.38700000 
  0.19568759   0.78083586  -0.38700000 
  0.18921539   0.78212326  -0.38700000 
  0.18274319   0.78341066  -0.38700000 
  0.17627099   0.78469806  -0.38700000 
  0.16979879   0.78598546  -0.38700000 
  0.16332659   0.78727286  -0.38700000 
  0.15685439   0.78856026  -0.38700000 
  0.15038219   0.78984766  -0.38700000 
  0.14390998   0.79113506  -0.38700000 
  0.13743778   0.79242246  -0.38700000 
  0.13096558   0.79370986  -0.38700000 
  0.12449338   0.79499726  -0.38700000 
  0.11802118   0.79628466  -0.38700000 
  0.11154898   0.79757207  -0.38700000 
  0.10507678   0.79885947  -0.38700000 
  0.09860458   0.80014687  -0.38700000 
  0.09213238   0.80143427  -0.38700000 
  0.08566018   0.80272167  -0.38700000 
  0.07918798   0.80400907  -0.38700000 
  0.07984132   0.81064251  -0.38700000 
  0.08049465   0.81727595  -0.38700000 
  0.08114799   0.82390939  -0.38700000 
  0.08180133   0.83054283  -0.38700000 
  0.08245467   0.83717627  -0.38700000 
  0.08310800   0.84380971  -0.38700000 
  0.08376134   0.85044315  -0.38700000 
  0.08441468   0.85707659  -0.38700000 
  0.08506801   0.86371002  -0.38700000 
  0.08572135   0.87034346  -0.38700000 
  0.08637469   0.87697690  -0.38700000 
  0.08702802   0.88361034  -0.38700000 
  0.08768136   0.89024378  -0.38700000 
  0.08833470   0.89687722  -0.38700000 
  0.08898803   0.90351066  -0.38700000 
  0.08964137   0.91014410  -0.38700000 
  0.09029471   0.91677754  -0.38700000 
  0.09094805   0.92341098  -0.38700000 
  0.09160138   0.93004442  -0.38700000 
  0.09225472   0.93667786  -0.38700000 
  0.09290806   0.94331130  -0.38700000 
  0.09356139   0.94994474  -0.38700000 
  0.09421473   0.95657818  -0.38700000 
  0.09486807   0.96321162  -0.38700000 
  0.09552140   0.96984505  -0.38700000 
  0.09617474   0.97647849  -0.38700000 
  0.09682808   0.98311193  -0.38700000 
  0.09748141   0.98974537  -0.38700000 
  0.09813475   0.99637881  -0.38700000 
  0.09878809   1.00301225  -0.38700000 
  0.09944143   1.00964569  -0.38700000 
  0.10009476   1.01627913  -0.38700000 
  0.10074810   1.02291257  -0.38700000 
  0.10140144   1.02954601  -0.38700000 
  0.10205477   1.03617945  -0.38700000 
  0.10270811   1.04281289  -0.38700000 
  0.10336145   1.04944633  -0.38700000 
  0.10401478   1.05607977  -0.38700000 
  0.10466812   1.06271321  -0.38700000 
  0.10532146   1.06934665  -0.38700000 
  0.10597479   1.07598008  -0.38700000 
  0.10662813   1.08261352  -0.38700000 
  0.10728147   1.08924696  -0.38700000 
  0.10793481   1.09588040  -0.38700000 
  0.10858814   1.10251384  -0.38700000 
  0.10924148   1.10914728  -0.38700000 
  0.10989482   1.11578072  -0.38700000 
  0.11054815   1.12241416  -0.38700000 
  0.11120149   1.12904760  -0.38700000 
  0.11781148   1.12773279  -0.38700000 
  0.12442146   1.12641799  -0.38700000 
  0.13103145   1.12510318  -0.38700000 
  0.13764144   1.12378838  -0.38700000 
  0.14425142   1.12247357  -0.38700000 
  0.15086141   1.12115876  -0.38700000 
  0.15747139   1.11984396  -0.38700000 
  0.16408138   1.11852915  -0.38700000 
  0.17069137   1.11721435  -0.38700000 
  0.17730135   1.11589954  -0.38700000 
  0.18391134   1.11458473  -0.38700000 
  0.19052133   1.11326993  -0.38700000 
  0.19713131   1.11195512  -0.38700000 
  0.20374130   1.11064032  -0.38700000 
  0.21035129   1.10932551  -0.38700000 
  0.21696127   1.10801070  -0.38700000 
  0.22357126   1.10669590  -0.38700000 
  0.23018124   1.10538109  -0.38700000 
  0.23679123   1.10406628  -0.38700000 
  0.24340122   1.10275148  -0.38700000 
  0.25001120   1.10143667  -0.38700000 
  0.25662119   1.10012187  -0.38700000 
  0.26323118   1.09880706  -0.38700000 
  0.26984116   1.09749225  -0.38700000 
  0.27645115   1.09617745  -0.38700000 
  0.28306114   1.09486264  -0.38700000 
  0.28967112   1.09354784  -0.38700000 
  0.29628111   1.09223303  -0.38700000 
  0.30289109   1.09091822  -0.38700000 
  0.30950108   1.08960342  -0.38700000 
  0.31611107   1.08828861  -0.38700000 
  0.32272105   1.08697381  -0.38700000 
  0.32933104   1.08565900  -0.38700000 
  0.33128233   1.09209154  -0.38700000 
  0.33323362   1.09852408  -0.38700000 
  0.33518491   1.10495662  -0.38700000 
  0.33713620   1.11138916  -0.38700000 
  0.33908749   1.11782170  -0.38700000 
  0.34103878   1.12425424  -0.38700000 
  0.34299007   1.13068678  -0.38700000 
  0.34494136   1.13711932  -0.38700000 
  0.34689265   1.14355186  -0.38700000 
  0.34884394   1.14998440  -0.38700000 
  0.35079523   1.15641694  -0.38700000 
  0.35274652   1.16284948  -0.38700000 
  0.35469781   1.16928202  -0.38700000 
  0.35664910   1.17571456  -0.38700000 
  0.35860039   1.18214710  -0.38700000 
  0.36055168   1.18857964  -0.38700000 
  0.36250297   1.19501218  -0.38700000 
  0.36445426   1.20144472  -0.38700000 
  0.36640555   1.20787726  -0.38700000 
  0.36835684   1.21430980  -0.38700000 
  0.37030813   1.22074234  -0.38700000 
  0.37225942   1.22717488  -0.38700000 
  0.37421070   1.23360742  -0.38700000 
  0.37616199   1.24003996  -0.38700000 
  0.37811328   1.24647250  -0.38700000 
  0.38006457   1.25290504  -0.38700000 
  0.38201586   1.25933758  -0.38700000 
  0.38396715   1.26577012  -0.38700000 
  0.38591844   1.27220266  -0.38700000 
  0.38786973   1.27863520  -0.38700000 
  0.38982102   1.28506774  -0.38700000 
  0.39177231   1.29150028  -0.38700000 
  0.39372360   1.29793282  -0.38700000 
  0.39567489   1.30436536  -0.38700000 
  0.39762618   1.31079790  -0.38700000 
  0.39957747   1.31723044  -0.38700000 
  0.40152876   1.32366298  -0.38700000 
  0.40348005   1.33009552  -0.38700000 
  0.40543134   1.33652806  -0.38700000 
  0.40738263   1.34296060  -0.38700000 
  0.40933392   1.34939314  -0.38700000 
  0.41128521   1.35582568  -0.38700000 
  0.41323650   1.36225822  -0.38700000 
  0.41518779   1.36869076  -0.38700000 
  0.41713908   1.37512330  -0.38700000 
  0.41713908   1.37512330  -0.38031991 
  0.41713908   1.37512330  -0.37363982 
  0.41713908   1.37512330  -0.36695973 
  0.41713908   1.37512330  -0.36027964 
  0.41713908   1.37512330  -0.35359955 
  0.41713908   1.37512330  -0.34691946 
  0.41713908   1.37512330  -0.34023938 
  0.41713908   1.37512330  -0.33355929 
  0.41713908   1.37512330  -0.32687920 
  0.41713908   1.37512330  -0.32019911 
  0.41713908   1.37512330  -0.31351902 
  0.41713908   1.37512330  -0.30683893 
  0.41713908   1.37512330  -0.30015884 
  0.41713908   1.37512330  -0.29347875 
  0.41713908   1.37512330  -0.28679866 
  0.41713908   1.37512330  -0.28011857 
  0.41713908   1.37512330  -0.27343848 
  0.41713908   1.37512330  -0.26675839 
  0.41713908   1.37512330  -0.26007830 
  0.41713908   1.37512330  -0.25339822 
  0.41713908   1.37512330  -0.24671813 
  0.41713908   1.37512330  -0.24003804 
  0.41713908   1.37512330  -0.23335795 
  0.41713908   1.37512330  -0.22667786 
  0.41713908   1.37512330  -0.21999777 
  0.41713908   1.37512330  -0.21331768 
  0.41713908   1.37512330  -0.20663759 
  0.41713908   1.37512330  -0.19995750 
  0.41713908   1.37512330  -0.19327741 
  0.41713908   1.37512330  -0.18659732 
  0.41713908   1.37512330  -0.17991723 
  0.41713908   1.37512330  -0.17323714 
  0.41713908   1.37512330  -0.16655705 
  0.41713908   1.37512330  -0.15987697 
  0.41713908   1.37512330  -0.15319688 
  0.41713908   1.37512330  -0.14651679 
  0.41713908   1.37512330  -0.13983670 
  0.41713908   1.37512330  -0.13315661 
  0.41713908   1.37512330  -0.12647652 
  0.41713908   1.37512330  -0.11979643 
  0.41056078   1.37643180  -0.11979643 
  0.40398249   1.37774031  -0.11979643 
  0.39740419   1.37904881  -0.11979643 
  0.39082589   1.38035732  -0.11979643 
  0.38424760   1.38166582  -0.11979643 
  0.37766930   1.38297433  -0.11979643 
  0.37109100   1.38428283  -0.11979643 
  0.36451271   1.38559134  -0.11979643 
  0.35793441   1.38689984  -0.11979643 
  0.35135612   1.38820835  -0.11979643 
  0.34477782   1.38951685  -0.11979643 
  0.33819952   1.39082536  -0.11979643 
  0.33162123   1.39213386  -0.11979643 
  0.32504293   1.39344237  -0.11979643 
  0.31846463   1.39475087  -0.11979643 
  0.31188634   1.39605938  -0.11979643 
  0.30530804   1.39736788  -0.11979643 
  0.29872974   1.39867639  -0.11979643 
  0.29215145   1.39998489  -0.11979643 
  0.28557315   1.40129340  -0.11979643 
  0.27899485   1.40260190  -0.11979643 
  0.27241656   1.40391040  -0.11979643 
  0.26583826   1.40521891  -0.11979643 
  0.25925997   1.40652741  -0.11979643 
  0.25268167   1.40783592  -0.11979643 
  0.24610337   1.40914442  -0.11979643 
  0.23952508   1.41045293  -0.11979643 
  0.23294678   1.41176143  -0.11979643 
  0.22636848   1.41306994  -0.11979643 
  0.21979019   1.41437844  -0.11979643 
  0.21321189   1.41568695  -0.11979643 
  0.20663359   1.41699545  -0.11979643 
  0.20005530   1.41830396  -0.11979643 
  0.19347700   1.41961246  -0.11979643 
  0.18689871   1.42092097  -0.11979643 
  0.18032041   1.42222947  -0.11979643 
  0.17374211   1.42353798  -0.11979643 
  0.16716382   1.42484648  -0.11979643 
  0.16058552   1.42615499  -0.11979643 
  0.15400722   1.42746349  -0.11979643 
  0.14742893   1.42877200  -0.11979643 
  0.14085063   1.43008050  -0.11979643 
  0.14085063   1.43008050  -0.11321466 
  0.14085063   1.43008050  -0.10663289 
  0.14085063   1.43008050  -0.10005111 
  0.14085063   1.43008050  -0.09346934 
  0.14085063   1.43008050  -0.08688757 
  0.14085063   1.43008050  -0.08030580 
  0.14085063   1.43008050  -0.07372403 
  0.14085063   1.43008050  -0.06714226 
  0.14085063   1.43008050  -0.06056048 
  0.14085063   1.43008050  -0.05397871 
  0.14085063   1.43008050  -0.04739694 
  0.14085063   1.43008050  -0.04081517 
  0.14085063   1.43008050  -0.03423340 
  0.14085063   1.43008050  -0.02765162 
  0.14085063   1.43008050  -0.02106985 
  0.14085063   1.43008050  -0.01448808 
  0.14085063   1.43008050  -0.00790631 
  0.14085063   1.43008050  -0.00132454 
  0.14085063   1.43008050   0.00525723 
  0.14085063   1.43008050   0.01183901 
  0.14085063   1.43008050   0.01842078 
  0.14085063   1.43008050   0.02500255 
  0.14085063   1.43008050   0.03158432 
  0.14085063   1.43008050   0.03816609 
  0.14085063   1.43008050   0.04474787 
  0.14085063   1.43008050   0.05132964 
  0.14085063   1.43008050   0.05791141 
  0.14085063   1.43008050   0.06449318 
  0.14085063   1.43008050   0.07107495 
  0.14085063   1.43008050   0.07765672 
  0.14085063   1.43008050   0.08423850 
  0.14085063   1.43008050   0.09082027 
  0.14085063   1.43008050   0.09740204 
  0.14085063   1.43008050   0.10398381 
  0.14085063   1.43008050   0.11056558 
  0.14085063   1.43008050   0.11714736 
  0.14085063   1.43008050   0.12372913 
  0.14085063   1.43008050   0.13031090 
  0.14085063   1.43008050   0.13689267 
  0.14085063   1.43008050   0.14347444 
  0.14085063   1.43008050   0.15005621 
  0.14085063   1.43008050   0.15663799 
  0.14085063   1.43008050   0.16321976 
  0.14085063   1.43008050   0.16980153 
  0.14085063   1.43008050   0.17638330 
  0.14085063   1.43008050   0.18296507 
  0.14085063   1.43008050   0.18954685 
  0.14085063   1.43008050   0.19612862 
  0.14085063   1.43008050   0.20271039 
  0.14085063   1.43008050   0.20929216 
  0.14085063   1.43008050   0.21587393 
  0.14085063   1.43008050   0.22245570 
  0.14085063   1.43008050   0.22903748 
  0.14085063   1.43008050   0.23561925 
  0.14085063   1.43008050   0.24220102 
  0.14085063   1.43008050   0.24878279 
  0.14085063   1.43008050   0.25536456 
  0.14085063   1.43008050   0.26194634 
  0.14085063   1.43008050   0.26852811 
  0.14085063   1.43008050   0.27510988 
  0.14085063   1.43008050   0.28169165 
  0.14085063   1.43008050   0.28827342 
  0.14085063   1.43008050   0.29485519 
  0.14085063   1.43008050   0.30143697 
  0.14085063   1.43008050   0.30801874 
  0.14085063   1.43008050   0.31460051 
  0.14085063   1.43008050   0.32118228 
  0.14085063   1.43008050   0.32776405 
  0.14085063   1.43008050   0.33434583 
  0.14085063   1.43008050   0.34092760 
  0.14085063   1.43008050   0.34750937 
  0.14085063   1.43008050   0.35409114 
  0.14085063   1.43008050   0.36067291 
  0.14085063   1.43008050   0.36725468 
  0.14085063   1.43008050   0.37383646 
  0.14085063   1.43008050   0.38041823 
  0.14085063   1.43008050   0.38700000 
  0.14014145   1.42288004   0.38700000 
  0.13943226   1.41567957   0.38700000 
  0.13872308   1.40847911   0.38700000 
  0.13801390   1.40127865   0.38700000 
  0.13730472   1.39407819   0.38700000 
  0.13659553   1.38687772   0.38700000 
  0.13588635   1.37967726   0.38700000 
  0.13517717   1.37247680   0.38700000 
  0.14164448   1.37119037   0.38700000 
  0.14811178   1.36990395   0.38700000 
  0.15457909   1.36861752   0.38700000 
  0.16104639   1.36733109   0.38700000 
  0.16751370   1.36604467   0.38700000 
  0.17398101   1.36475824   0.38700000 
  0.18044831   1.36347181   0.38700000 
  0.18691562   1.36218539   0.38700000 
  0.19338292   1.36089896   0.38700000 
  0.19985023   1.35961253   0.38700000 
  0.20631754   1.35832610   0.38700000 
  0.21278484   1.35703968   0.38700000 
  0.21925215   1.35575325   0.38700000 
  0.22571946   1.35446682   0.38700000 
  0.23218676   1.35318040   0.38700000 
  0.23865407   1.35189397   0.38700000 
  0.24512137   1.35060754   0.38700000 
  0.25158868   1.34932112   0.38700000 
  0.25805599   1.34803469   0.38700000 
  0.26452329   1.34674826   0.38700000 
  0.27099060   1.34546184   0.38700000 
  0.27745790   1.34417541   0.38700000 
  0.28392521   1.34288898   0.38700000 
  0.29039252   1.34160256   0.38700000 
  0.29685982   1.34031613   0.38700000 
  0.30332713   1.33902970   0.38700000 
  0.30979443   1.33774328   0.38700000 
  0.31626174   1.33645685   0.38700000 
  0.32272905   1.33517042   0.38700000 
  0.32919635   1.33388400   0.38700000 
  0.33566366   1.33259757   0.38700000 
  0.34213097   1.33131114   0.38700000 
  0.34859827   1.33002471   0.38700000 
  0.35506558   1.32873829   0.38700000 
  0.36153288   1.32745186   0.38700000 
  0.36800019   1.32616543   0.38700000 
  0.37446750   1.32487901   0.38700000 
  0.38093480   1.32359258   0.38700000 
  0.38740211   1.32230615   0.38700000 
  0.39386941   1.32101973   0.38700000 
  0.40033672   1.31973330   0.38700000 
  0.39840538   1.31336652   0.38700000 
  0.39647404   1.30699975   0.38700000 
  0.39454270   1.30063297   0.38700000 
  0.39261136   1.29426619   0.38700000 
  0.39068002   1.28789942   0.38700000 
  0.38874868   1.28153264   0.38700000 
  0.38681734   1.27516586   0.38700000 
  0.38488599   1.26879908   0.38700000 
  0.38295465   1.26243231   0.38700000 
  0.38102331   1.25606553   0.38700000 
  0.37909197   1.24969875   0.38700000 
  0.37716063   1.24333198   0.38700000 
  0.37522929   1.23696520   0.38700000 
  0.37329795   1.23059842   0.38700000 
  0.37136661   1.22423165   0.38700000 
  0.36943527   1.21786487   0.38700000 
  0.36750393   1.21149809   0.38700000 
  0.36557259   1.20513132   0.38700000 
  0.36364125   1.19876454   0.38700000 
  0.36170991   1.19239776   0.38700000 
  0.35977857   1.18603099   0.38700000 
  0.35784723   1.17966421   0.38700000 
  0.35591588   1.17329743   0.38700000 
  0.35398454   1.16693065   0.38700000 
  0.35205320   1.16056388   0.38700000 
  0.35012186   1.15419710   0.38700000 
  0.34819052   1.14783032   0.38700000 
  0.34625918   1.14146355   0.38700000 
  0.34432784   1.13509677   0.38700000 
  0.34239650   1.12872999   0.38700000 
  0.34046516   1.12236322   0.38700000 
  0.33853382   1.11599644   0.38700000 
  0.33660248   1.10962966   0.38700000 
  0.33467114   1.10326289   0.38700000 
  0.33273980   1.09689611   0.38700000 
  0.33080846   1.09052933   0.38700000 
  0.32887712   1.08416256   0.38700000 
  0.32694578   1.07779578   0.38700000 
  0.32501443   1.07142900   0.38700000 
  0.32308309   1.06506222   0.38700000 
  0.32115175   1.05869545   0.38700000 
  0.31922041   1.05232867   0.38700000 
  0.31728907   1.04596189   0.38700000 
  0.31535773   1.03959512   0.38700000 
  0.31342639   1.03322834   0.38700000 
  0.31149505   1.02686156   0.38700000 
  0.30956371   1.02049479   0.38700000 
  0.30763237   1.01412801   0.38700000 
  0.30570103   1.00776123   0.38700000 
  0.30376969   1.00139446   0.38700000 
  0.30183835   0.99502768   0.38700000 
  0.29990701   0.98866090   0.38700000 
  0.29797567   0.98229413   0.38700000 
  0.29604432   0.97592735   0.38700000 
  0.29411298   0.96956057   0.38700000 
  0.29218164   0.96319379   0.38700000 
  0.29025030   0.95682702   0.38700000 
  0.28831896   0.95046024   0.38700000 
  0.28638762   0.94409346   0.38700000 
  0.28445628   0.93772669   0.38700000 
  0.28252494   0.93135991   0.38700000 
  0.27584180   0.93268927   0.38700000 
  0.26915866   0.93401863   0.38700000 
  0.26247552   0.93534799   0.38700000 
  0.25579238   0.93667735   0.38700000 
  0.24910924   0.93800671   0.38700000 
  0.24242610   0.93933607   0.38700000 
  0.23574295   0.94066542   0.38700000 
  0.22905981   0.94199478   0.38700000 
  0.22237667   0.94332414   0.38700000 
  0.21569353   0.94465350   0.38700000 
  0.20901039   0.94598286   0.38700000 
  0.20232725   0.94731222   0.38700000 
  0.19564411   0.94864158   0.38700000 
  0.18896097   0.94997094   0.38700000 
  0.18227783   0.95130030   0.38700000 
  0.17559469   0.95262966   0.38700000 
  0.16891155   0.95395902   0.38700000 
  0.16222841   0.95528838   0.38700000 
  0.15554527   0.95661774   0.38700000 
  0.14886212   0.95794710   0.38700000 
  0.14217898   0.95927645   0.38700000 
  0.13549584   0.96060581   0.38700000 
  0.12881270   0.96193517   0.38700000 
  0.12212956   0.96326453   0.38700000 
  0.11544642   0.96459389   0.38700000 
  0.10876328   0.96592325   0.38700000 
  0.10208014   0.96725261   0.38700000 
  0.09539700   0.96858197   0.38700000 
  0.09474994   0.96201230   0.38700000 
  0.09410289   0.95544263   0.38700000 
  0.09345583   0.94887296   0.38700000 
  0.09280877   0.94230329   0.38700000 
  0.09216172   0.93573362   0.38700000 
  0.09151466   0.92916395   0.38700000 
  0.09086761   0.92259428   0.38700000 
  0.09022055   0.91602461   0.38700000 
  0.08957349   0.90945494   0.38700000 
  0.08892644   0.90288527   0.38700000 
  0.08827938   0.89631560   0.38700000 
  0.08763233   0.88974593   0.38700000 
  0.08698527   0.88317626   0.38700000 
  0.08633821   0.87660659   0.38700000 
  0.08569116   0.87003692   0.38700000 
  0.08504410   0.86346725   0.38700000 
  0.08439705   0.85689758   0.38700000 
  0.08374999   0.85032791   0.38700000 
  0.08310293   0.84375824   0.38700000 
  0.08245588   0.83718857   0.38700000 
  0.08180882   0.83061890   0.38700000 
  0.08116177   0.82404923   0.38700000 
  0.08051471   0.81747956   0.38700000 
  0.07986765   0.81090988   0.38700000 
  0.07922060   0.80434021   0.38700000 
  0.07857354   0.79777054   0.38700000 
  0.07792648   0.79120087   0.38700000 
  0.07727943   0.78463120   0.38700000 
  0.07663237   0.77806153   0.38700000 
  0.07598532   0.77149186   0.38700000 
  0.07533826   0.76492219   0.38700000 
  0.07469120   0.75835252   0.38700000 
  0.07404415   0.75178285   0.38700000 
  0.07339709   0.74521318   0.38700000 
  0.07275004   0.73864351   0.38700000 
  0.07210298   0.73207384   0.38700000 
  0.07145592   0.72550417   0.38700000 
  0.07080887   0.71893450   0.38700000 
  0.07016181   0.71236483   0.38700000 
  0.06951476   0.70579516   0.38700000 
  0.06886770   0.69922549   0.38700000 
  0.06822064   0.69265582   0.38700000 
  0.06757359   0.68608615   0.38700000 
  0.06692653   0.67951648   0.38700000 
  0.06627948   0.67294681   0.38700000 
  0.06563242   0.66637714   0.38700000 
  0.06498536   0.65980747   0.38700000 