  EFID    16/03/13     #     75  400ms             0  65  65
 7.000000000e-01 7.000000000e-01 1.050000000e+00 7.000000000e-01 0.000000000e+00
 1.063671875e+00 0.000000000e+00 3.229880485e-02 1.512832695e-02 1.400000000e+00
 7.500000000e+04 3.229880485e-02 0.000000000e+00 1.063671875e+00 0.000000000e+00
 0.000000000e+00 0.000000000e+00 1.512832695e-02 0.000000000e+00 0.000000000e+00
 1.480607441e+00 1.480103394e+00 1.479615448e+00 1.479143353e+00 1.478686857e+00
 1.478245708e+00 1.477819652e+00 1.477408437e+00 1.477011806e+00 1.476629505e+00
 1.476261278e+00 1.475906867e+00 1.475566015e+00 1.475238465e+00 1.474923958e+00
 1.474622235e+00 1.474333035e+00 1.474056099e+00 1.473791166e+00 1.473537974e+00
 1.473296263e+00 1.473065769e+00 1.472846230e+00 1.472637384e+00 1.472438966e+00
 1.472250714e+00 1.472072363e+00 1.471903648e+00 1.471744305e+00 1.471594069e+00
 1.471452675e+00 1.471319857e+00 1.471195349e+00 1.471078885e+00 1.470970199e+00
 1.470869025e+00 1.470775095e+00 1.470688143e+00 1.470607902e+00 1.470534105e+00
 1.470466484e+00 1.470404772e+00 1.470348702e+00 1.470298005e+00 1.470252415e+00
 1.470211663e+00 1.470175480e+00 1.470143601e+00 1.470115755e+00 1.470091676e+00
 1.470071094e+00 1.470053742e+00 1.470039352e+00 1.470027655e+00 1.470018383e+00
 1.470011267e+00 1.470006040e+00 1.470002433e+00 1.470000177e+00 1.469999005e+00
 1.469998648e+00 1.469998837e+00 1.469999304e+00 1.469999781e+00 1.470000000e+00
 7.804532977e+02 7.596308094e+02 7.389767452e+02 7.184962088e+02 6.981943040e+02
 6.780761346e+02 6.581468042e+02 6.384114168e+02 6.188750759e+02 5.995428854e+02
 5.804199491e+02 5.615113706e+02 5.428222538e+02 5.243577025e+02 5.061228203e+02
 4.881227111e+02 4.703624785e+02 4.528472264e+02 4.355820585e+02 4.185720787e+02
 4.018223905e+02 3.853380978e+02 3.691243044e+02 3.531861140e+02 3.375286304e+02
 3.221569573e+02 3.070761985e+02 2.922914578e+02 2.778078389e+02 2.636304455e+02
 2.497643815e+02 2.362147506e+02 2.229866565e+02 2.100852030e+02 1.975154939e+02
 1.852826329e+02 1.733917238e+02 1.618478704e+02 1.506561764e+02 1.398217455e+02
 1.293496816e+02 1.192450883e+02 1.095130695e+02 1.001587289e+02 9.118717031e+01
 8.260349741e+01 7.441281398e+01 6.662022380e+01 5.923083063e+01 5.224973821e+01
 4.568205032e+01 3.953287071e+01 3.380730314e+01 2.851045137e+01 2.364741917e+01
 1.922331028e+01 1.524322847e+01 1.171227750e+01 8.635561129e+00 6.018183115e+00
 3.865247219e+00 2.181857200e+00 9.731168175e-01 2.441298310e-01-0.000000000e+00
 2.826582500e+00 2.736100167e+00 2.647088214e+00 2.559546641e+00 2.473475449e+00
 2.388874638e+00 2.305744206e+00 2.224084155e+00 2.143894485e+00 2.065175195e+00
 1.987926285e+00 1.912147755e+00 1.837839606e+00 1.765001838e+00 1.693634449e+00
 1.623737441e+00 1.555310814e+00 1.488354567e+00 1.422868700e+00 1.358853213e+00
 1.296308107e+00 1.235233381e+00 1.175629036e+00 1.117495071e+00 1.060831486e+00
 1.005638282e+00 9.519154578e-01 8.996630142e-01 8.488809510e-01 7.995692682e-01
 7.517279657e-01 7.053570436e-01 6.604565018e-01 6.170263405e-01 5.750665595e-01
 5.345771588e-01 4.955581386e-01 4.580094987e-01 4.219312391e-01 3.873233599e-01
 3.541858611e-01 3.225187427e-01 2.923220046e-01 2.635956469e-01 2.363396696e-01
 2.105540726e-01 1.862388560e-01 1.633940198e-01 1.420195639e-01 1.221154884e-01
 1.036817933e-01 8.671847853e-02 7.122554414e-02 5.720299011e-02 4.465081644e-02
 3.356902315e-02 2.395761022e-02 1.581657765e-02 9.145925460e-03 3.945653632e-03
 2.157621712e-04-2.043748922e-03-2.832879649e-03-2.151630008e-03 0.000000000e+00
 0.000000000e+00 5.992366243e+02 1.179449864e+03 1.740639718e+03 2.282806188e+03
 2.805949273e+03 3.310068973e+03 3.795165287e+03 4.261238218e+03 4.708287763e+03
 5.136313923e+03 5.545316698e+03 5.935296089e+03 6.306252094e+03 6.658184715e+03
 6.991093951e+03 7.304979801e+03 7.599842267e+03 7.875681348e+03 8.132497045e+03
 8.370289356e+03 8.589058282e+03 8.788803824e+03 8.969525980e+03 9.131224752e+03
 9.273900139e+03 9.397552140e+03 9.502180757e+03 9.587785989e+03 9.654367837e+03
 9.701926299e+03 9.730461376e+03 9.739973069e+03 9.730461376e+03 9.701926299e+03
 9.654367837e+03 9.587785989e+03 9.502180757e+03 9.397552140e+03 9.273900139e+03
 9.131224752e+03 8.969525980e+03 8.788803824e+03 8.589058282e+03 8.370289356e+03
 8.132497045e+03 7.875681348e+03 7.599842267e+03 7.304979801e+03 6.991093951e+03
 6.658184715e+03 6.306252094e+03 5.935296089e+03 5.545316698e+03 5.136313923e+03
 4.708287763e+03 4.261238218e+03 3.795165287e+03 3.310068973e+03 2.805949273e+03
 2.282806188e+03 1.740639718e+03 1.179449864e+03 5.992366243e+02 0.000000000e+00
 5.530162411e-03 5.635418622e-03 5.744199245e-03 5.856269150e-03 5.971359334e-03
 6.089166471e-03 6.209352396e-03 6.331543490e-03 6.455329959e-03 6.580265046e-03
 6.705864241e-03 6.831604571e-03 6.956924075e-03 7.081221563e-03 7.203856788e-03
 7.324151122e-03 7.441388864e-03 7.554819263e-03 7.663659365e-03 7.767097747e-03
 7.864299193e-03 7.954410355e-03 8.036566374e-03 8.109898442e-03 8.173542210e-03
 8.226646926e-03 8.268385116e-03 8.297962613e-03 8.314628662e-03 8.317685831e-03
 8.306499421e-03 8.280506085e-03 8.239221343e-03 8.182245768e-03 8.109269601e-03
 8.020075656e-03 7.914540430e-03 7.792633401e-03 7.654414580e-03 7.500030442e-03
 7.329708431e-03 7.143750254e-03 6.942524253e-03 6.726457105e-03 6.496025143e-03
 6.251745557e-03 5.994167709e-03 5.723864767e-03 5.441425836e-03 5.147448700e-03
 4.842533279e-03 4.527275846e-03 4.202264041e-03 3.868072658e-03 3.525260197e-03
 3.174366134e-03 2.815908851e-03 2.450384167e-03 2.078264410e-03 1.699997957e-03
 1.316009181e-03 9.266987433e-04 5.324441808e-04 1.336007235e-04-2.694976883e-04
 5.748942028e-03 5.860907140e-03 5.976754244e-03 6.096243275e-03 6.219098904e-03
 6.345010079e-03 6.473629488e-03 6.604572841e-03 6.737417920e-03 6.871703474e-03
 7.006928014e-03 7.142548653e-03 7.277980080e-03 7.412593842e-03 7.545718036e-03
 7.676637579e-03 7.804595164e-03 7.928793045e-03 8.048395766e-03 8.162533930e-03
 8.270309081e-03 8.370799777e-03 8.463068826e-03 8.546171701e-03 8.619166010e-03
 8.681121916e-03 8.731133292e-03 8.768329361e-03 8.791886522e-03 8.801040006e-03
 8.795094993e-03 8.773436820e-03 8.735539891e-03 8.680974990e-03 8.609414698e-03
 8.520636741e-03 8.414525148e-03 8.291069222e-03 8.150360400e-03 7.992587171e-03
 7.818028313e-03 7.627044728e-03 7.420070232e-03 7.197601633e-03 6.960188452e-03
 6.708422594e-03 6.442928276e-03 6.164352421e-03 5.873355738e-03 5.570604601e-03
 5.256763834e-03 4.932490445e-03 4.598428306e-03 4.255203779e-03 3.903422215e-03
 3.543665289e-03 3.176489072e-03 2.802422779e-03 2.421968100e-03 2.035599031e-03
 1.643762145e-03 1.246877215e-03 8.453381546e-04 4.395142430e-04 2.975171646e-05
 5.965349854e-03 6.084264628e-03 6.207449067e-03 6.334658575e-03 6.465611623e-03
 6.599989643e-03 6.737436612e-03 6.877558222e-03 7.019920664e-03 7.164049109e-03
 7.309425986e-03 7.455489226e-03 7.601630625e-03 7.747194493e-03 7.891476754e-03
 8.033724670e-03 8.173137334e-03 8.308867109e-03 8.440022145e-03 8.565670112e-03
 8.684843258e-03 8.796544874e-03 8.899757205e-03 8.993450783e-03 9.076595123e-03
 9.148170616e-03 9.207181412e-03 9.252668981e-03 9.283725993e-03 9.299510087e-03
 9.299257064e-03 9.282293029e-03 9.248045010e-03 9.196049646e-03 9.125959584e-03
 9.037547347e-03 8.930706539e-03 8.805450375e-03 8.661907663e-03 8.500316453e-03
 8.321015693e-03 8.124435264e-03 7.911084830e-03 7.681541960e-03 7.436439917e-03
 7.176455541e-03 6.902297539e-03 6.614695473e-03 6.314389651e-03 6.002122072e-03
 5.678628499e-03 5.344631706e-03 5.000835873e-03 4.647922089e-03 4.286544880e-03
 3.917329686e-03 3.540871167e-03 3.157732251e-03 2.768443807e-03 2.373504856e-03
 1.973383222e-03 1.568516550e-03 1.159313616e-03 7.461559000e-04 3.293993585e-04
 6.179101542e-03 6.305213217e-03 6.436014671e-03 6.571256275e-03 6.710650042e-03
 6.853869997e-03 7.000551925e-03 7.150292422e-03 7.302647329e-03 7.457129660e-03
 7.613207217e-03 7.770300082e-03 7.927778193e-03 8.084959209e-03 8.241106855e-03
 8.395429945e-03 8.547082272e-03 8.695163562e-03 8.838721657e-03 8.976756117e-03
 9.108223382e-03 9.232043613e-03 9.347109287e-03 9.452295559e-03 9.546472316e-03
 9.628517787e-03 9.697333450e-03 9.751859879e-03 9.791093102e-03 9.814100937e-03
 9.820038722e-03 9.808163842e-03 9.777848450e-03 9.728589856e-03 9.660018125e-03
 9.571900567e-03 9.464142973e-03 9.336787564e-03 9.190007845e-03 9.024100649e-03
 8.839475806e-03 8.636643938e-03 8.416202937e-03 8.178823686e-03 7.925235551e-03
 7.656212122e-03 7.372557619e-03 7.075094260e-03 6.764650841e-03 6.442052664e-03
 6.108112892e-03 5.763625330e-03 5.409358593e-03 5.046051569e-03 4.674410085e-03
 4.295104625e-03 3.908768988e-03 3.515999739e-03 3.117356333e-03 2.713361793e-03
 2.304503827e-03 1.891236303e-03 1.473980992e-03 1.053129506e-03 6.290453687e-04
 6.389882977e-03 6.523446661e-03 6.662154600e-03 6.805750872e-03 6.953940294e-03
 7.106389419e-03 7.262726482e-03 7.422540271e-03 7.585378052e-03 7.750742768e-03
 7.918089778e-03 8.086823396e-03 8.256293482e-03 8.425792334e-03 8.594552086e-03
 8.761742858e-03 8.926471862e-03 9.087783696e-03 9.244662043e-03 9.396033009e-03
 9.540770278e-03 9.677702275e-03 9.805621455e-03 9.923295756e-03 1.002948219e-02
 1.012294244e-02 1.020246009e-02 1.026685928e-02 1.031502400e-02 1.034591760e-02
 1.035860161e-02 1.035225326e-02 1.032618079e-02 1.027983599e-02 1.021282321e-02
 1.012490472e-02 1.001600182e-02 9.886192127e-03 9.735702898e-03 9.564901057e-03
 9.374280350e-03 9.164446342e-03 8.936099951e-03 8.690020250e-03 8.427047177e-03
 8.148064761e-03 7.853985321e-03 7.545735006e-03 7.224240934e-03 6.890420048e-03
 6.545169759e-03 6.189360322e-03 5.823828873e-03 5.449374982e-03 5.066757580e-03
 4.676693072e-03 4.279854479e-03 3.876871431e-03 3.468330863e-03 3.054778268e-03
 2.636719383e-03 2.214622199e-03 1.788919200e-03 1.360009754e-03 9.282625790e-04
 6.597347819e-03 6.738628566e-03 6.885544013e-03 7.037829674e-03 7.195181797e-03
 7.357259209e-03 7.523683454e-03 7.694037319e-03 7.867862010e-03 8.044653351e-03
 8.223857374e-03 8.404865654e-03 8.587010684e-03 8.769561566e-03 8.951720264e-03
 9.132618664e-03 9.311316686e-03 9.486801712e-03 9.657989603e-03 9.823727577e-03
 9.982799219e-03 1.013393186e-02 1.027580651e-02 1.040707051e-02 1.052635275e-02
 1.063228159e-02 1.072350486e-02 1.079871176e-02 1.085665583e-02 1.089617827e-02
 1.091623069e-02 1.091589629e-02 1.089440845e-02 1.085116591e-02 1.078574371e-02
 1.069789937e-02 1.058757406e-02 1.045488877e-02 1.030013577e-02 1.012376602e-02
 9.926373108e-03 9.708674736e-03 9.471492604e-03 9.215731624e-03 8.942359289e-03
 8.652385905e-03 8.346846245e-03 8.026783042e-03 7.693232554e-03 7.347212333e-03
 6.989711198e-03 6.621681321e-03 6.244032272e-03 5.857626843e-03 5.463278404e-03
 5.061749604e-03 4.653752168e-03 4.239947592e-03 3.820948560e-03 3.397320897e-03
 2.969585937e-03 2.538223160e-03 2.103673015e-03 1.666339833e-03 1.226594761e-03
 6.801114827e-03 6.950390993e-03 7.105829349e-03 7.267153090e-03 7.434047716e-03
 7.606163923e-03 7.783117818e-03 7.964488782e-03 8.149815504e-03 8.338590781e-03
 8.530255621e-03 8.724193063e-03 8.919722078e-03 9.116091824e-03 9.312476519e-03
 9.507971176e-03 9.701588477e-03 9.892257089e-03 1.007882173e-02 1.026004535e-02
 1.043461378e-02 1.060114314e-02 1.075819038e-02 1.090426705e-02 1.103785645e-02
 1.115743403e-02 1.126149074e-02 1.134855879e-02 1.141723910e-02 1.146622936e-02
 1.149435161e-02 1.150057804e-02 1.148405380e-02 1.144411550e-02 1.138030451e-02
 1.129237428e-02 1.118029139e-02 1.104423030e-02 1.088456241e-02 1.070183993e-02
 1.049677587e-02 1.027022097e-02 1.002313908e-02 9.756581957e-03 9.471664566e-03
 9.169541815e-03 8.851387274e-03 8.518374377e-03 8.171660338e-03 7.812372843e-03
 7.441599475e-03 7.060379668e-03 6.669698990e-03 6.270485446e-03 5.863607531e-03
 5.449873723e-03 5.030033160e-03 4.604777231e-03 4.174741878e-03 3.740510402e-03
 3.302616632e-03 2.861548293e-03 2.417750497e-03 1.971629254e-03 1.523554928e-03
 7.000765061e-03 7.158333700e-03 7.322629052e-03 7.493356151e-03 7.670186588e-03
 7.852762548e-03 8.040696713e-03 8.233568863e-03 8.430920138e-03 8.632245908e-03
 8.836987935e-03 9.044526358e-03 9.254171837e-03 9.465158138e-03 9.676635377e-03
 9.887664187e-03 1.009721107e-02 1.030414530e-02 1.050723770e-02 1.070516183e-02
 1.089649791e-02 1.107974008e-02 1.125330729e-02 1.141555825e-02 1.156481051e-02
 1.169936381e-02 1.181752717e-02 1.191764943e-02 1.199815206e-02 1.205756317e-02
 1.209455115e-02 1.210795637e-02 1.209681925e-02 1.206040311e-02 1.199821049e-02
 1.190999183e-02 1.179574633e-02 1.165571479e-02 1.149036539e-02 1.130037313e-02
 1.108659453e-02 1.085003895e-02 1.059183815e-02 1.031321576e-02 1.001545762e-02
 9.699884409e-03 9.367827018e-03 9.020605242e-03 8.659510012e-03 8.285789111e-03
 7.900636227e-03 7.505183063e-03 7.100494133e-03 6.687563877e-03 6.267315688e-03
 5.840602509e-03 5.408208626e-03 4.970852395e-03 4.529189623e-03 4.083817384e-03
 3.635278124e-03 3.184063873e-03 2.730620487e-03 2.275351817e-03 1.818623748e-03
 7.195839209e-03 7.362024604e-03 7.535536137e-03 7.716051980e-03 7.903225672e-03
 8.096690996e-03 8.296060651e-03 8.500920491e-03 8.710821071e-03 8.925267855e-03
 9.143710957e-03 9.365534939e-03 9.590048957e-03 9.816477452e-03 1.004395155e-02
 1.027150139e-02 1.049804964e-02 1.072240661e-02 1.094326737e-02 1.115921146e-02
 1.136870572e-02 1.157011096e-02 1.176169299e-02 1.194163848e-02 1.210807617e-02
 1.225910336e-02 1.239281749e-02 1.250735223e-02 1.260091702e-02 1.267183847e-02
 1.271860161e-02 1.273988909e-02 1.273461614e-02 1.270195904e-02 1.264137522e-02
 1.255261382e-02 1.243571604e-02 1.229100550e-02 1.211906950e-02 1.192073277e-02
 1.169702528e-02 1.144914631e-02 1.117842682e-02 1.088629212e-02 1.057422643e-02
 1.024374060e-02 9.896343722e-03 9.533519163e-03 9.156705160e-03 8.767279752e-03
 8.366549800e-03 7.955743609e-03 7.536006662e-03 7.108399941e-03 6.673900328e-03
 6.233402630e-03 5.787722824e-03 5.337602156e-03 4.883711829e-03 4.426658009e-03
 3.966987000e-03 3.505190416e-03 3.041710246e-03 2.576943754e-03 2.111248131e-03
 7.385835679e-03 7.561002656e-03 7.744123852e-03 7.934838263e-03 8.132776721e-03
 8.337566299e-03 8.548825745e-03 8.766155522e-03 8.989125275e-03 9.217260510e-03
 9.450029417e-03 9.686830226e-03 9.926979187e-03 1.016969922e-02 1.041410929e-02
 1.065921458e-02 1.090389792e-02 1.114691260e-02 1.138687732e-02 1.162227392e-02
 1.185144847e-02 1.207261685e-02 1.228387534e-02 1.248321729e-02 1.266855619e-02
 1.283775572e-02 1.298866644e-02 1.311916845e-02 1.322721934e-02 1.331090488e-02
 1.336848979e-02 1.339846662e-02 1.339959974e-02 1.337096117e-02 1.331195567e-02
 1.322233362e-02 1.310219060e-02 1.295195423e-02 1.277235944e-02 1.256441456e-02
 1.232936042e-02 1.206862485e-02 1.178377590e-02 1.147647627e-02 1.114844080e-02
 1.080139850e-02 1.043706003e-02 1.005709104e-02 9.663091229e-03 9.256578916e-03
 8.838980497e-03 8.411624120e-03 7.975736902e-03 7.532444978e-03 7.082775746e-03
 6.627661753e-03 6.167945726e-03 5.704386360e-03 5.237664535e-03 4.768389705e-03
 4.297106288e-03 3.824299891e-03 3.350403291e-03 2.875802095e-03 2.400840049e-03
 7.570210892e-03 7.754785294e-03 7.947956510e-03 8.149308226e-03 8.358445065e-03
 8.574992847e-03 8.798586942e-03 9.028855206e-03 9.265399606e-03 9.507778512e-03
 9.755490286e-03 1.000795812e-02 1.026451589e-02 1.052439470e-02 1.078671010e-02
 1.105044994e-02 1.131446319e-02 1.157745004e-02 1.183795406e-02 1.209435713e-02
 1.234487809e-02 1.258757637e-02 1.282036152e-02 1.304100999e-02 1.324719004e-02
 1.343649534e-02 1.360648754e-02 1.375474658e-02 1.387892911e-02 1.397683152e-02
 1.404645187e-02 1.408605166e-02 1.409421188e-02 1.406987854e-02 1.401239449e-02
 1.392151507e-02 1.379740673e-02 1.364062870e-02 1.345209988e-02 1.323305527e-02
 1.298499354e-02 1.270961890e-02 1.240878267e-02 1.208442759e-02 1.173853683e-02
 1.137308954e-02 1.099002386e-02 1.059120761e-02 1.017841631e-02 9.753317920e-03
 9.317463463e-03 8.872282505e-03 8.419082564e-03 7.959051544e-03 7.493262409e-03
 7.022679413e-03 6.548165332e-03 6.070489252e-03 5.590334578e-03 5.108306987e-03
 4.624942170e-03 4.140713211e-03 3.656037529e-03 3.171283353e-03 2.686775683e-03
 7.748385132e-03 7.942884617e-03 8.146608863e-03 8.359068155e-03 8.579842788e-03
 8.808570700e-03 9.044921955e-03 9.288570536e-03 9.539168317e-03 9.796322490e-03
 1.005957606e-02 1.032839051e-02 1.060212977e-02 1.088004486e-02 1.116125887e-02
 1.144475227e-02 1.172934871e-02 1.201370181e-02 1.229628369e-02 1.257537623e-02
 1.284906625e-02 1.311524600e-02 1.337162065e-02 1.361572419e-02 1.384494575e-02
 1.405656659e-02 1.424780991e-02 1.441589821e-02 1.455812605e-02 1.467194093e-02
 1.475501553e-02 1.480532773e-02 1.482123341e-02 1.480152498e-02 1.474547180e-02
 1.465283975e-02 1.452388823e-02 1.435934463e-02 1.416035834e-02 1.392844572e-02
 1.366542318e-02 1.337333086e-02 1.305435943e-02 1.271078278e-02 1.234489634e-02
 1.195896560e-02 1.155518445e-02 1.113564357e-02 1.070230813e-02 1.025700370e-02
 9.801408990e-03 9.337054136e-03 8.865323245e-03 8.387460024e-03 7.904575566e-03
 7.417657490e-03 6.927579822e-03 6.435113125e-03 5.940934550e-03 5.445637539e-03
 4.949741034e-03 4.453698082e-03 3.957903791e-03 3.462702611e-03 2.968394959e-03
 7.919761534e-03 8.124839914e-03 8.339699107e-03 8.563763700e-03 8.796606328e-03
 9.037905329e-03 9.287394955e-03 9.544821639e-03 9.809909427e-03 1.008233318e-02
 1.036169700e-02 1.064751568e-02 1.093919744e-02 1.123602696e-02 1.153714825e-02
 1.184154711e-02 1.214803352e-02 1.245522438e-02 1.276152747e-02 1.306512786e-02
 1.336397816e-02 1.365579458e-02 1.393806062e-02 1.420804061e-02 1.446280696e-02
 1.469927868e-02 1.491428359e-02 1.510461535e-02 1.526712750e-02 1.539884922e-02
 1.549705114e-02 1.555935889e-02 1.558384930e-02 1.556912570e-02 1.551436949e-02
 1.541936487e-02 1.528449444e-02 1.511070372e-02 1.489943098e-02 1.465254362e-02
 1.437225394e-02 1.406101223e-02 1.372141634e-02 1.335613266e-02 1.296781971e-02
 1.255906975e-02 1.213236259e-02 1.169003250e-02 1.123424667e-02 1.076699373e-02
 1.029008004e-02 9.805132129e-03 9.313603455e-03 8.816784276e-03 8.315813316e-03
 7.811690462e-03 7.305289748e-03 6.797372191e-03 6.288598111e-03 5.779538744e-03
 5.270687009e-03 4.762467388e-03 4.255244888e-03 3.749333127e-03 3.245001586e-03
 8.083775382e-03 8.300280309e-03 8.526942403e-03 8.763116452e-03 9.008417187e-03
 9.262616677e-03 9.525558160e-03 9.797094900e-03 1.007704916e-02 1.036518404e-02
 1.066118222e-02 1.096462785e-02 1.127498907e-02 1.159159998e-02 1.191364146e-02
 1.224012062e-02 1.256984925e-02 1.290142161e-02 1.323319279e-02 1.356325872e-02
 1.388943977e-02 1.420927045e-02 1.451999734e-02 1.481858643e-02 1.510175392e-02
 1.536599393e-02 1.560768229e-02 1.582309082e-02 1.600853011e-02 1.616048696e-02
 1.627574661e-02 1.635151898e-02 1.638555254e-02 1.637622650e-02 1.632261491e-02
 1.622451798e-02 1.608245792e-02 1.589763867e-02 1.567187249e-02 1.540748485e-02
 1.510719296e-02 1.477394869e-02 1.441083631e-02 1.402099050e-02 1.360749017e-02
 1.317329888e-02 1.272121371e-02 1.225383181e-02 1.177353183e-02 1.128246701e-02
 1.078256689e-02 1.027554559e-02 9.762914330e-03 9.245996538e-03 8.725944398e-03
 8.203755719e-03 7.680290533e-03 7.156286933e-03 6.632375888e-03 6.109094862e-03
 5.586900195e-03 5.066178243e-03 4.547255330e-03 4.030406572e-03 3.515863689e-03
 8.240012051e-03 8.469040006e-03 8.708231259e-03 8.956968386e-03 9.215020804e-03
 9.482343111e-03 9.758948256e-03 1.004483602e-02 1.033995362e-02 1.064417217e-02
 1.095726975e-02 1.127891591e-02 1.160865530e-02 1.194588907e-02 1.228985379e-02
 1.263959759e-02 1.299395412e-02 1.335151453e-02 1.371059880e-02 1.406922761e-02
 1.442509694e-02 1.477555917e-02 1.511761432e-02 1.544789722e-02 1.576273859e-02
 1.605811044e-02 1.632976502e-02 1.657334671e-02 1.678453736e-02 1.695921270e-02
 1.709359809e-02 1.718442026e-02 1.722904438e-02 1.722558629e-02 1.717299132e-02
 1.707107363e-02 1.692051258e-02 1.672280611e-02 1.648018452e-02 1.619549167e-02
 1.587203864e-02 1.551343742e-02 1.512343815e-02 1.470574908e-02 1.426392725e-02
 1.380135661e-02 1.332118237e-02 1.282628055e-02 1.231924563e-02 1.180239101e-02
 1.127775882e-02 1.074713601e-02 1.021207430e-02 9.673911943e-03 9.133796049e-03
 8.592704302e-03 8.051465615e-03 7.510779250e-03 6.971232249e-03 6.433315112e-03
 5.897435766e-03 5.363931912e-03 4.833081862e-03 4.305114021e-03 3.780215135e-03
 8.388474093e-03 8.631354476e-03 8.883739593e-03 9.145321597e-03 9.416232226e-03
 9.696732773e-03 9.987073570e-03 1.028743724e-02 1.059791711e-02 1.091850754e-02
 1.124909588e-02 1.158945203e-02 1.193921412e-02 1.229786983e-02 1.266473328e-02
 1.303891772e-02 1.341930422e-02 1.380450702e-02 1.419283635e-02 1.458226000e-02
 1.497036543e-02 1.535432847e-02 1.573091239e-02 1.609634914e-02 1.644639004e-02
 1.677638391e-02 1.708140086e-02 1.735637539e-02 1.759627400e-02 1.779627833e-02
 1.795197304e-02 1.805952860e-02 1.811586675e-02 1.811879676e-02 1.806711178e-02
 1.796063774e-02 1.780023025e-02 1.758771972e-02 1.732580842e-02 1.701792722e-02
 1.666806128e-02 1.628055638e-02 1.585992008e-02 1.541062416e-02 1.493692633e-02
 1.444269358e-02 1.393144664e-02 1.340634936e-02 1.287020840e-02 1.232548448e-02
 1.177431331e-02 1.121853219e-02 1.065970921e-02 1.009917315e-02 9.538042467e-03
 8.977252535e-03 8.417580688e-03 7.859668781e-03 7.304043278e-03 6.751132930e-03
 6.201284223e-03 5.654774785e-03 5.111824972e-03 4.572607832e-03 4.037257662e-03
 8.530136775e-03 8.788141573e-03 9.054014113e-03 9.328340837e-03 9.611908970e-03
 9.905412797e-03 1.020938831e-02 1.052421778e-02 1.085014760e-02 1.118730148e-02
 1.153568492e-02 1.189518103e-02 1.226553855e-02 1.264635296e-02 1.303704132e-02
 1.343681095e-02 1.384462251e-02 1.425914754e-02 1.467872167e-02 1.510129431e-02
 1.552437176e-02 1.594497994e-02 1.635946392e-02 1.676352896e-02 1.715230755e-02
 1.752045605e-02 1.786228944e-02 1.817194804e-02 1.844359285e-02 1.867162086e-02
 1.885088889e-02 1.897693240e-02 1.904616471e-02 1.905604167e-02 1.900517885e-02
 1.889341163e-02 1.872179278e-02 1.849252731e-02 1.820884964e-02 1.787485230e-02
 1.749527859e-02 1.707529385e-02 1.662025045e-02 1.613545915e-02 1.562597933e-02
 1.509643262e-02 1.455085079e-02 1.399268170e-02 1.342492904e-02 1.285017632e-02
 1.227062296e-02 1.168812437e-02 1.110423263e-02 1.052023582e-02 9.937194532e-03
 9.355975177e-03 8.777279551e-03 8.201670861e-03 7.629596337e-03 7.061406729e-03
 6.497373009e-03 5.937700613e-03 5.382541531e-03 4.832004549e-03 4.286163908e-03
 8.667880549e-03 8.941240356e-03 9.219944683e-03 9.506261825e-03 9.801867714e-03
 1.010792939e-02 1.042525340e-02 1.075439937e-02 1.109575128e-02 1.144955621e-02
 1.181594078e-02 1.219491193e-02 1.258634632e-02 1.298997072e-02 1.340533423e-02
 1.383177289e-02 1.426836644e-02 1.471388733e-02 1.516674321e-02 1.562491783e-02
 1.608584754e-02 1.654619276e-02 1.700183730e-02 1.744792155e-02 1.787891133e-02
 1.828870610e-02 1.867078977e-02 1.901842206e-02 1.932486523e-02 1.958363646e-02
 1.978877263e-02 1.993509087e-02 2.001842701e-02 2.003583358e-02 1.998572151e-02
 1.986793332e-02 1.968374133e-02 1.943577051e-02 1.912785214e-02 1.876481983e-02
 1.835226364e-02 1.789626008e-02 1.740309627e-02 1.687900446e-02 1.632992049e-02
 1.576127515e-02 1.517782533e-02 1.458352609e-02 1.398154950e-02 1.337456148e-02
 1.276478135e-02 1.215403867e-02 1.154382741e-02 1.093535590e-02 1.032959165e-02
 9.727300808e-03 9.129082203e-03 8.535396624e-03 7.946591625e-03 7.362922480e-03
 6.784569791e-03 6.211654211e-03 5.644248733e-03 5.082388923e-03 4.526081426e-03
 8.807184483e-03 9.093159351e-03 9.382426953e-03 9.679148236e-03 9.985735851e-03
 1.030366369e-02 1.063389098e-02 1.097708244e-02 1.133372035e-02 1.170415834e-02
 1.208864252e-02 1.248731312e-02 1.290019304e-02 1.332716627e-02 1.376794731e-02
 1.422204153e-02 1.468869571e-02 1.516683728e-02 1.565501688e-02 1.615124571e-02
 1.665269155e-02 1.715564301e-02 1.765550125e-02 1.814680780e-02 1.862331486e-02
 1.907810311e-02 1.950375030e-02 1.989254917e-02 2.023676907e-02 2.052895017e-02
 2.076221469e-02 2.093057527e-02 2.102921854e-02 2.105474185e-02 2.100532326e-02
 2.088081010e-02 2.068271777e-02 2.041413865e-02 2.007956837e-02 1.968466410e-02
 1.923595401e-02 1.874051988e-02 1.820567487e-02 1.763865619e-02 1.704634861e-02
 1.643504965e-02 1.581028283e-02 1.517665940e-02 1.453778443e-02 1.389635504e-02
 1.325454934e-02 1.261411332e-02 1.197642977e-02 1.134257994e-02 1.071339679e-02
 1.008951035e-02 9.471385883e-03 8.859355821e-03 8.253646188e-03 7.654398479e-03
 7.061687639e-03 6.475536824e-03 5.895929473e-03 5.322819184e-03 4.756137768e-03
 8.954127847e-03 9.245672608e-03 9.541608796e-03 9.846517827e-03 1.016277329e-02
 1.049175010e-02 1.083434924e-02 1.119123295e-02 1.156292997e-02 1.194987982e-02
 1.235244618e-02 1.277091322e-02 1.320547035e-02 1.365618775e-02 1.412298284e-02
 1.460557713e-02 1.510344213e-02 1.561573069e-02 1.614115320e-02 1.667755881e-02
 1.722185331e-02 1.776995045e-02 1.831675332e-02 1.885617614e-02 1.938121497e-02
 1.988407452e-02 2.035635518e-02 2.078929945e-02 2.117409178e-02 2.150219937e-02
 2.176573552e-02 2.195782197e-02 2.207292406e-02 2.210713147e-02 2.205836090e-02
 2.192646210e-02 2.171321751e-02 2.142223492e-02 2.105874247e-02 2.062930369e-02
 2.014147603e-02 1.960343973e-02 1.902362344e-02 1.841035013e-02 1.777152213e-02
 1.711435770e-02 1.644518561e-02 1.576929817e-02 1.509085833e-02 1.441284710e-02
 1.373732404e-02 1.306587868e-02 1.239971791e-02 1.173974000e-02 1.108659590e-02
 1.044073967e-02 9.802469836e-03 9.171962939e-03 8.549300825e-03 7.934492610e-03
 7.327492367e-03 6.728213334e-03 6.136539284e-03 5.552333627e-03 4.975446665e-03
 9.109107849e-03 9.397531425e-03 9.696027784e-03 1.000701964e-02 1.033175912e-02
 1.067104395e-02 1.102550056e-02 1.139569110e-02 1.178214969e-02 1.218538922e-02
 1.260589471e-02 1.304410876e-02 1.350041066e-02 1.397508872e-02 1.446830446e-02
 1.498004703e-02 1.551007804e-02 1.605784465e-02 1.662201356e-02 1.720028743e-02
 1.778931983e-02 1.838465105e-02 1.898067698e-02 1.957066293e-02 2.014681351e-02
 2.070040776e-02 2.122200480e-02 2.170172056e-02 2.212956892e-02 2.249585346e-02
 2.279158859e-02 2.300892216e-02 2.314152839e-02 2.318493840e-02 2.313677971e-02
 2.299690220e-02 2.276737859e-02 2.245237875e-02 2.205792928e-02 2.159157971e-02
 2.106200383e-02 2.047856850e-02 1.985090134e-02 1.918848529e-02 1.850030186e-02
 1.779453712e-02 1.707835718e-02 1.635775294e-02 1.563744823e-02 1.492086211e-02
 1.421011350e-02 1.350654403e-02 1.281110734e-02 1.212445490e-02 1.144700317e-02
 1.077898743e-02 1.012050459e-02 9.471547215e-03 8.832030307e-03 8.201812423e-03
 7.580712226e-03 6.968521433e-03 6.365014915e-03 5.769958557e-03 5.183115346e-03
 9.262748002e-03 9.543388026e-03 9.842390697e-03 1.015844875e-02 1.049105553e-02
 1.084018319e-02 1.120609042e-02 1.158920850e-02 1.199007204e-02 1.240927455e-02
 1.284743665e-02 1.330517966e-02 1.378309942e-02 1.428173674e-02 1.480154099e-02
 1.534282169e-02 1.590573064e-02 1.648982745e-02 1.709373778e-02 1.771503461e-02
 1.835013246e-02 1.899420493e-02 1.964113854e-02 2.028353664e-02 2.091278686e-02
 2.151920338e-02 2.209225146e-02 2.262085547e-02 2.309378404e-02 2.350009685e-02
 2.382962857e-02 2.407347786e-02 2.422446393e-02 2.427751252e-02 2.422993629e-02
 2.408158303e-02 2.383483705e-02 2.349447311e-02 2.306737645e-02 2.256215478e-02
 2.198867642e-02 2.135757291e-02 2.067974353e-02 1.996589433e-02 1.922613669e-02
 1.846966131e-02 1.770449447e-02 1.693733518e-02 1.617346585e-02 1.541672416e-02
 1.466952092e-02 1.393299418e-02 1.320775549e-02 1.249413983e-02 1.179227360e-02
 1.110212904e-02 1.042356652e-02 9.756367074e-03 9.100257270e-03 8.454928241e-03
 7.820050098e-03 7.195282845e-03 6.580284576e-03 5.974717599e-03 5.378252955e-03
 9.399977250e-03 9.675560973e-03 9.976488811e-03 1.029824629e-02 1.063888826e-02
 1.099775011e-02 1.137483467e-02 1.177051020e-02 1.218535543e-02 1.262007557e-02
 1.307545274e-02 1.355231243e-02 1.405149572e-02 1.457383123e-02 1.512010282e-02
 1.569101313e-02 1.628702626e-02 1.690775312e-02 1.755180098e-02 1.821663340e-02
 1.889844313e-02 1.959204963e-02 2.029083584e-02 2.098674021e-02 2.167031994e-02
 2.233089926e-02 2.295681224e-02 2.353574301e-02 2.405515676e-02 2.450280488e-02
 2.486727626e-02 2.513855772e-02 2.530855991e-02 2.537156346e-02 2.532454424e-02
 2.516734586e-02 2.490268216e-02 2.453596869e-02 2.407499961e-02 2.352950051e-02
 2.291059789e-02 2.223025032e-02 2.150068516e-02 2.073387859e-02 1.994110741e-02
 1.913259005e-02 1.831722391e-02 1.750241613e-02 1.669399855e-02 1.589621211e-02
 1.511174448e-02 1.434180103e-02 1.358657889e-02 1.284602654e-02 1.211992429e-02
 1.140793803e-02 1.070965835e-02 1.002462938e-02 9.352370023e-03 8.692389423e-03
 8.044198224e-03 7.407316580e-03 6.781279816e-03 6.165642296e-03 5.559979995e-03
 9.507821365e-03 9.787664049e-03 1.009487761e-02 1.042430239e-02 1.077374680e-02
 1.114248127e-02 1.153053695e-02 1.193836634e-02 1.236667284e-02 1.281632131e-02
 1.328828816e-02 1.378363021e-02 1.430346117e-02 1.484892904e-02 1.542118749e-02
 1.602139947e-02 1.665017648e-02 1.730720756e-02 1.799110466e-02 1.869924391e-02
 1.942761699e-02 2.017070757e-02 2.092140934e-02 2.167100443e-02 2.240922063e-02
 2.312438425e-02 2.380368057e-02 2.443352605e-02 2.500004648e-02 2.548964267e-02
 2.588961247e-02 2.618878674e-02 2.637812887e-02 2.645124531e-02 2.640475877e-02
 2.623850689e-02 2.595554578e-02 2.556195755e-02 2.506648096e-02 2.448000108e-02
 2.381494565e-02 2.308464072e-02 2.230267604e-02 2.148232375e-02 2.063604197e-02
 1.977508287e-02 1.890921157e-02 1.804653199e-02 1.719340760e-02 1.635446008e-02
 1.553262647e-02 1.472925566e-02 1.394428543e-02 1.317719565e-02 1.242736568e-02
 1.169411525e-02 1.097673598e-02 1.027451377e-02 9.586744342e-03 8.912743773e-03
 8.251855398e-03 7.603454127e-03 6.966948910e-03 6.341783897e-03 5.727438691e-03
 9.583047099e-03 9.877895048e-03 1.019633982e-02 1.053563106e-02 1.089471075e-02
 1.127343540e-02 1.167218295e-02 1.209165172e-02 1.253275541e-02 1.299656695e-02
 1.348428763e-02 1.399722880e-02 1.453679929e-02 1.510449472e-02 1.570188989e-02
 1.633050381e-02 1.699108143e-02 1.768340273e-02 1.840610319e-02 1.915649299e-02
 1.993038592e-02 2.072195355e-02 2.152362351e-02 2.232604261e-02 2.311812669e-02
 2.388721644e-02 2.461935419e-02 2.529968767e-02 2.591299523e-02 2.644431308e-02
 2.687962985e-02 2.720660052e-02 2.741522250e-02 2.749841319e-02 2.745243335e-02
 2.727711313e-02 2.697585678e-02 2.655542512e-02 2.602551772e-02 2.539819680e-02
 2.468720766e-02 2.390725607e-02 2.307330066e-02 2.219990891e-02 2.130071264e-02
 2.038798339e-02 1.947233419e-02 1.856254174e-02 1.766547457e-02 1.678610699e-02
 1.592759677e-02 1.509140411e-02 1.427742184e-02 1.348462266e-02 1.271194354e-02
 1.195832650e-02 1.122274184e-02 1.050420191e-02 9.801769098e-03 9.114559883e-03
 8.441746421e-03 7.782556353e-03 7.136271541e-03 6.502226107e-03 5.879804078e-03
 9.634075966e-03 9.949761390e-03 1.028220428e-02 1.063252213e-02 1.100152958e-02
 1.139004187e-02 1.179897561e-02 1.222937616e-02 1.268242224e-02 1.315942553e-02
 1.366183062e-02 1.419121641e-02 1.474929799e-02 1.533792660e-02 1.595914656e-02
 1.661468875e-02 1.730545091e-02 1.803131780e-02 1.879096484e-02 1.958165670e-02
 2.039905383e-02 2.123704428e-02 2.208762137e-02 2.294083086e-02 2.378481183e-02
 2.460595422e-02 2.538919034e-02 2.611842872e-02 2.677712536e-02 2.734897185e-02
 2.781866231e-02 2.817268583e-02 2.840007976e-02 2.849307529e-02 2.844757189e-02
 2.826339112e-02 2.794428264e-02 2.749768102e-02 2.693423888e-02 2.626718385e-02
 2.551156233e-02 2.468343827e-02 2.379911233e-02 2.287441607e-02 2.192412004e-02
 2.096147803e-02 1.999791305e-02 1.904283734e-02 1.810358907e-02 1.718546257e-02
 1.629180688e-02 1.542416774e-02 1.458244961e-02 1.376523978e-02 1.297099223e-02
 1.219824850e-02 1.144564440e-02 1.071191147e-02 9.995875316e-03 9.296452023e-03
 8.612643407e-03 7.943531773e-03 7.288274479e-03 6.646098564e-03 6.016295580e-03
 9.674924393e-03 1.000968751e-02 1.035531688e-02 1.071608525e-02 1.109441957e-02
 1.149201340e-02 1.191030346e-02 1.235068155e-02 1.281459405e-02 1.330359289e-02
 1.381936590e-02 1.436375885e-02 1.493879420e-02 1.554668801e-02 1.618988265e-02
 1.687028625e-02 1.758894880e-02 1.834586586e-02 1.913976455e-02 1.996788198e-02
 2.082575026e-02 2.170700636e-02 2.260324946e-02 2.350397155e-02 2.439658888e-02
 2.526659963e-02 2.609788850e-02 2.687318833e-02 2.757469510e-02 2.818481438e-02
 2.868699837e-02 2.906661471e-02 2.931177532e-02 2.941404881e-02 2.936898503e-02
 2.917639641e-02 2.884036513e-02 2.836897478e-02 2.777379508e-02 2.706917335e-02
 2.627140308e-02 2.539784615e-02 2.446608119e-02 2.349313815e-02 2.249486162e-02
 2.148542594e-02 2.047700726e-02 1.947960262e-02 1.850097601e-02 1.754670514e-02
 1.662030099e-02 1.572337325e-02 1.485581878e-02 1.401600831e-02 1.320189756e-02
 1.241162213e-02 1.164348301e-02 1.089593375e-02 1.016756792e-02 9.457106915e-03
 8.763388423e-03 8.085355725e-03 7.422047851e-03 6.772590664e-03 6.136188799e-03
 9.717230456e-03 1.006328447e-02 1.041834857e-02 1.078747247e-02 1.117370124e-02
 1.157917775e-02 1.200566694e-02 1.245481694e-02 1.292829557e-02 1.342786762e-02
 1.395544440e-02 1.451312162e-02 1.510321424e-02 1.572829572e-02 1.639110961e-02
 1.709372936e-02 1.783735080e-02 1.862207980e-02 1.944670142e-02 2.030843988e-02
 2.120272337e-02 2.212297329e-02 2.306044220e-02 2.400412853e-02 2.494079812e-02
 2.585514113e-02 2.673008762e-02 2.754729416e-02 2.828779870e-02 2.893282100e-02
 2.946466493e-02 2.986765880e-02 3.012905529e-02 3.023980684e-02 3.019513763e-02
 2.999485096e-02 2.964333750e-02 2.914928319e-02 2.852510820e-02 2.778619658e-02
 2.694999409e-02 2.603505875e-02 2.506014307e-02 2.404337362e-02 2.300157320e-02
 2.194974986e-02 2.090075697e-02 1.986511256e-02 1.885095477e-02 1.786410475e-02
 1.690820585e-02 1.598490996e-02 1.509408486e-02 1.423400933e-02 1.340216958e-02
 1.259631176e-02 1.181441668e-02 1.105467409e-02 1.031545919e-02 9.595311564e-03
 8.892916723e-03 8.207089831e-03 7.536761502e-03 6.880965364e-03 6.238827177e-03
 9.763863209e-03 1.011255868e-02 1.047247698e-02 1.084723263e-02 1.123947861e-02
 1.165131969e-02 1.208460509e-02 1.254111148e-02 1.302265605e-02 1.353117025e-02
 1.406875373e-02 1.463771980e-02 1.524063927e-02 1.588043544e-02 1.656004314e-02
 1.728169129e-02 1.804671010e-02 1.885530875e-02 1.970633089e-02 2.059699846e-02
 2.152265871e-02 2.247655509e-02 2.344964770e-02 2.443051328e-02 2.540535742e-02
 2.635817001e-02 2.727104969e-02 2.812471195e-02 2.889917869e-02 2.957462632e-02
 3.013234591e-02 3.055574731e-02 3.083132267e-02 3.094947833e-02 3.090514944e-02
 3.069813072e-02 3.033308580e-02 2.981923363e-02 2.916974641e-02 2.840092367e-02
 2.753122695e-02 2.658026621e-02 2.556782358e-02 2.451298421e-02 2.343342256e-02
 2.234486902e-02 2.126076012e-02 2.019205874e-02 1.914721877e-02 1.813226259e-02
 1.715093809e-02 1.620492382e-02 1.529405463e-02 1.441654442e-02 1.356952053e-02
 1.275036770e-02 1.195677463e-02 1.118669300e-02 1.043830248e-02 9.709981053e-03
 9.000279732e-03 8.307901090e-03 7.631680910e-03 6.970572491e-03 6.323633160e-03
 9.809358392e-03 1.015579403e-02 1.051714837e-02 1.089511538e-02 1.129151031e-02
 1.170810642e-02 1.214665853e-02 1.260896303e-02 1.309691610e-02 1.361256495e-02
 1.415815479e-02 1.473617557e-02 1.534941205e-02 1.600106940e-02 1.669422034e-02
 1.743122320e-02 1.821352192e-02 1.904141480e-02 1.991379870e-02 2.082789960e-02
 2.177900492e-02 2.276021906e-02 2.376226911e-02 2.477339237e-02 2.577934033e-02
 2.676353232e-02 2.770738690e-02 2.859084715e-02 2.939309878e-02 3.009345747e-02
 3.067237716e-02 3.111250730e-02 3.139970957e-02 3.152393712e-02 3.147988497e-02
 3.126734044e-02 3.089119338e-02 3.036110454e-02 2.969086908e-02 2.889754408e-02
 2.800043034e-02 2.702000538e-02 2.597689848e-02 2.489098138e-02 2.378062511e-02
 2.266214842e-02 2.154946043e-02 2.045388210e-02 1.938411889e-02 1.834635076e-02
 1.734440424e-02 1.637997359e-02 1.545286251e-02 1.456122362e-02 1.370194061e-02
 1.287208791e-02 1.206910613e-02 1.129074641e-02 1.053502489e-02 9.800185127e-03
 9.084666838e-03 8.387079824e-03 7.706182040e-03 7.040861086e-03 6.390118495e-03
 9.846471554e-03 1.018964937e-02 1.055079236e-02 1.093031591e-02 1.132929101e-02
 1.174911456e-02 1.219138158e-02 1.265784969e-02 1.315044438e-02 1.367128374e-02
 1.422271428e-02 1.480735544e-02 1.542815332e-02 1.608851135e-02 1.679160222e-02
 1.753988068e-02 1.833487678e-02 1.917695734e-02 2.006506163e-02 2.099642191e-02
 2.196628479e-02 2.296765516e-02 2.399109073e-02 2.502458007e-02 2.605354007e-02
 2.706096800e-02 2.802777778e-02 2.893333788e-02 2.975621059e-02 3.047506879e-02
 3.106974024e-02 3.152230491e-02 3.181815188e-02 3.194689424e-02 3.190304674e-02
 3.168639099e-02 3.130198638e-02 3.075982489e-02 3.007416839e-02 2.926264110e-02
 2.834517139e-02 2.734288460e-02 2.627704149e-02 2.516809888e-02 2.403494460e-02
 2.289433261e-02 2.176052021e-02 2.064509076e-02 1.955693263e-02 1.850233878e-02
 1.748519026e-02 1.650718942e-02 1.556811341e-02 1.466606460e-02 1.379777327e-02
 1.296007681e-02 1.215022691e-02 1.136582272e-02 1.060475699e-02 9.865172274e-03
 9.145424987e-03 8.444055721e-03 7.759764542e-03 7.091390314e-03 6.437893275e-03
 9.870301699e-03 1.021115910e-02 1.057174893e-02 1.095190316e-02 1.135225072e-02
 1.177392503e-02 1.221839080e-02 1.268735968e-02 1.318276209e-02 1.370675264e-02
 1.426173685e-02 1.485041287e-02 1.547582678e-02 1.614149855e-02 1.685066234e-02
 1.760583249e-02 1.840859272e-02 1.925935295e-02 2.015707975e-02 2.109901060e-02
 2.208036845e-02 2.309409846e-02 2.413065558e-02 2.517787655e-02 2.622097329e-02
 2.724268387e-02 2.822361155e-02 2.914277053e-02 2.997833815e-02 3.070858987e-02
 3.131296593e-02 3.177319360e-02 3.207436900e-02 3.220589439e-02 3.216217264e-02
 3.194298175e-02 3.155348619e-02 3.100388323e-02 3.030872392e-02 2.948598367e-02
 2.855597916e-02 2.754023619e-02 2.646040539e-02 2.533730433e-02 2.419013892e-02
 2.303593042e-02 2.188914939e-02 2.076153936e-02 1.966209973e-02 1.859719138e-02
 1.757072733e-02 1.658441336e-02 1.563800870e-02 1.472958280e-02 1.385578255e-02
 1.301329696e-02 1.219925955e-02 1.141117463e-02 1.064685817e-02 9.904390056e-03
 9.182075124e-03 8.478411217e-03 7.792062712e-03 7.121838481e-03 6.466673391e-03
 9.878470121e-03 1.021852305e-02 1.057886796e-02 1.095918294e-02 1.135995709e-02
 1.178223235e-02 1.222742482e-02 1.269722706e-02 1.319356884e-02 1.371861583e-02
 1.427479284e-02 1.486482439e-02 1.549179041e-02 1.615924918e-02 1.687045570e-02
 1.762794447e-02 1.843331741e-02 1.928699919e-02 2.018796576e-02 2.113345662e-02
 2.211868696e-02 2.313658206e-02 2.417756238e-02 2.522941366e-02 2.627727876e-02
 2.730380833e-02 2.828950076e-02 2.921325051e-02 3.005310476e-02 3.078720447e-02
 3.139485871e-02 3.185767527e-02 3.216065102e-02 3.229311676e-02 3.224943743e-02
 3.202938980e-02 3.163817397e-02 3.108605671e-02 3.038768708e-02 2.956115941e-02
 2.862692182e-02 2.760663562e-02 2.652208329e-02 2.539420427e-02 2.424231191e-02
 2.308351757e-02 2.193236367e-02 2.080064758e-02 1.969740591e-02 1.862902222e-02
 1.759942003e-02 1.661030602e-02 1.566143309e-02 1.475085924e-02 1.387520504e-02
 1.303110900e-02 1.221566445e-02 1.142634347e-02 1.066093596e-02 9.917500561e-03
 9.194324642e-03 8.489891588e-03 7.802853720e-03 7.132009783e-03 6.476286086e-03
 9.870301699e-03 1.021115910e-02 1.057174893e-02 1.095190316e-02 1.135225072e-02
 1.177392503e-02 1.221839080e-02 1.268735968e-02 1.318276209e-02 1.370675264e-02
 1.426173685e-02 1.485041287e-02 1.547582678e-02 1.614149855e-02 1.685066234e-02
 1.760583249e-02 1.840859272e-02 1.925935295e-02 2.015707975e-02 2.109901060e-02
 2.208036845e-02 2.309409846e-02 2.413065558e-02 2.517787655e-02 2.622097329e-02
 2.724268387e-02 2.822361155e-02 2.914277053e-02 2.997833815e-02 3.070858987e-02
 3.131296593e-02 3.177319360e-02 3.207436900e-02 3.220589439e-02 3.216217264e-02
 3.194298175e-02 3.155348619e-02 3.100388323e-02 3.030872392e-02 2.948598367e-02
 2.855597916e-02 2.754023619e-02 2.646040539e-02 2.533730433e-02 2.419013892e-02
 2.303593042e-02 2.188914939e-02 2.076153936e-02 1.966209973e-02 1.859719138e-02
 1.757072733e-02 1.658441336e-02 1.563800870e-02 1.472958280e-02 1.385578255e-02
 1.301329696e-02 1.219925955e-02 1.141117463e-02 1.064685817e-02 9.904390056e-03
 9.182075124e-03 8.478411217e-03 7.792062712e-03 7.121838481e-03 6.466673391e-03
 9.846471554e-03 1.018964937e-02 1.055079236e-02 1.093031591e-02 1.132929101e-02
 1.174911456e-02 1.219138158e-02 1.265784969e-02 1.315044438e-02 1.367128374e-02
 1.422271428e-02 1.480735544e-02 1.542815332e-02 1.608851135e-02 1.679160222e-02
 1.753988068e-02 1.833487678e-02 1.917695734e-02 2.006506163e-02 2.099642191e-02
 2.196628479e-02 2.296765516e-02 2.399109073e-02 2.502458007e-02 2.605354007e-02
 2.706096800e-02 2.802777778e-02 2.893333788e-02 2.975621059e-02 3.047506879e-02
 3.106974024e-02 3.152230491e-02 3.181815188e-02 3.194689424e-02 3.190304674e-02
 3.168639099e-02 3.130198638e-02 3.075982489e-02 3.007416839e-02 2.926264110e-02
 2.834517139e-02 2.734288460e-02 2.627704149e-02 2.516809888e-02 2.403494460e-02
 2.289433261e-02 2.176052021e-02 2.064509076e-02 1.955693263e-02 1.850233878e-02
 1.748519026e-02 1.650718942e-02 1.556811341e-02 1.466606460e-02 1.379777327e-02
 1.296007681e-02 1.215022691e-02 1.136582272e-02 1.060475699e-02 9.865172274e-03
 9.145424987e-03 8.444055721e-03 7.759764542e-03 7.091390314e-03 6.437893275e-03
 9.809358392e-03 1.015579403e-02 1.051714837e-02 1.089511538e-02 1.129151031e-02
 1.170810642e-02 1.214665853e-02 1.260896303e-02 1.309691610e-02 1.361256495e-02
 1.415815479e-02 1.473617557e-02 1.534941205e-02 1.600106940e-02 1.669422034e-02
 1.743122320e-02 1.821352192e-02 1.904141480e-02 1.991379870e-02 2.082789960e-02
 2.177900492e-02 2.276021906e-02 2.376226911e-02 2.477339237e-02 2.577934033e-02
 2.676353232e-02 2.770738690e-02 2.859084715e-02 2.939309878e-02 3.009345747e-02
 3.067237716e-02 3.111250730e-02 3.139970957e-02 3.152393712e-02 3.147988497e-02
 3.126734044e-02 3.089119338e-02 3.036110454e-02 2.969086908e-02 2.889754408e-02
 2.800043034e-02 2.702000538e-02 2.597689848e-02 2.489098138e-02 2.378062511e-02
 2.266214842e-02 2.154946043e-02 2.045388210e-02 1.938411889e-02 1.834635076e-02
 1.734440424e-02 1.637997359e-02 1.545286251e-02 1.456122362e-02 1.370194061e-02
 1.287208791e-02 1.206910613e-02 1.129074641e-02 1.053502489e-02 9.800185127e-03
 9.084666838e-03 8.387079824e-03 7.706182040e-03 7.040861086e-03 6.390118495e-03
 9.763863209e-03 1.011255868e-02 1.047247698e-02 1.084723263e-02 1.123947861e-02
 1.165131969e-02 1.208460509e-02 1.254111148e-02 1.302265605e-02 1.353117025e-02
 1.406875373e-02 1.463771980e-02 1.524063927e-02 1.588043544e-02 1.656004314e-02
 1.728169129e-02 1.804671010e-02 1.885530875e-02 1.970633089e-02 2.059699846e-02
 2.152265871e-02 2.247655509e-02 2.344964770e-02 2.443051328e-02 2.540535742e-02
 2.635817001e-02 2.727104969e-02 2.812471195e-02 2.889917869e-02 2.957462632e-02
 3.013234591e-02 3.055574731e-02 3.083132267e-02 3.094947833e-02 3.090514944e-02
 3.069813072e-02 3.033308580e-02 2.981923363e-02 2.916974641e-02 2.840092367e-02
 2.753122695e-02 2.658026621e-02 2.556782358e-02 2.451298421e-02 2.343342256e-02
 2.234486902e-02 2.126076012e-02 2.019205874e-02 1.914721877e-02 1.813226259e-02
 1.715093809e-02 1.620492382e-02 1.529405463e-02 1.441654442e-02 1.356952053e-02
 1.275036770e-02 1.195677463e-02 1.118669300e-02 1.043830248e-02 9.709981053e-03
 9.000279732e-03 8.307901090e-03 7.631680910e-03 6.970572491e-03 6.323633160e-03
 9.717230456e-03 1.006328447e-02 1.041834857e-02 1.078747247e-02 1.117370124e-02
 1.157917775e-02 1.200566694e-02 1.245481694e-02 1.292829557e-02 1.342786762e-02
 1.395544440e-02 1.451312162e-02 1.510321424e-02 1.572829572e-02 1.639110961e-02
 1.709372936e-02 1.783735080e-02 1.862207980e-02 1.944670142e-02 2.030843988e-02
 2.120272337e-02 2.212297329e-02 2.306044220e-02 2.400412853e-02 2.494079812e-02
 2.585514113e-02 2.673008762e-02 2.754729416e-02 2.828779870e-02 2.893282100e-02
 2.946466493e-02 2.986765880e-02 3.012905529e-02 3.023980684e-02 3.019513763e-02
 2.999485096e-02 2.964333750e-02 2.914928319e-02 2.852510820e-02 2.778619658e-02
 2.694999409e-02 2.603505875e-02 2.506014307e-02 2.404337362e-02 2.300157320e-02
 2.194974986e-02 2.090075697e-02 1.986511256e-02 1.885095477e-02 1.786410475e-02
 1.690820585e-02 1.598490996e-02 1.509408486e-02 1.423400933e-02 1.340216958e-02
 1.259631176e-02 1.181441668e-02 1.105467409e-02 1.031545919e-02 9.595311564e-03
 8.892916723e-03 8.207089831e-03 7.536761502e-03 6.880965364e-03 6.238827177e-03
 9.674924393e-03 1.000968751e-02 1.035531688e-02 1.071608525e-02 1.109441957e-02
 1.149201340e-02 1.191030346e-02 1.235068155e-02 1.281459405e-02 1.330359289e-02
 1.381936590e-02 1.436375885e-02 1.493879420e-02 1.554668801e-02 1.618988265e-02
 1.687028625e-02 1.758894880e-02 1.834586586e-02 1.913976455e-02 1.996788198e-02
 2.082575026e-02 2.170700636e-02 2.260324946e-02 2.350397155e-02 2.439658888e-02
 2.526659963e-02 2.609788850e-02 2.687318833e-02 2.757469510e-02 2.818481438e-02
 2.868699837e-02 2.906661471e-02 2.931177532e-02 2.941404881e-02 2.936898503e-02
 2.917639641e-02 2.884036513e-02 2.836897478e-02 2.777379508e-02 2.706917335e-02
 2.627140308e-02 2.539784615e-02 2.446608119e-02 2.349313815e-02 2.249486162e-02
 2.148542594e-02 2.047700726e-02 1.947960262e-02 1.850097601e-02 1.754670514e-02
 1.662030099e-02 1.572337325e-02 1.485581878e-02 1.401600831e-02 1.320189756e-02
 1.241162213e-02 1.164348301e-02 1.089593375e-02 1.016756792e-02 9.457106915e-03
 8.763388423e-03 8.085355725e-03 7.422047851e-03 6.772590664e-03 6.136188799e-03
 9.634075966e-03 9.949761390e-03 1.028220428e-02 1.063252213e-02 1.100152958e-02
 1.139004187e-02 1.179897561e-02 1.222937616e-02 1.268242224e-02 1.315942553e-02
 1.366183062e-02 1.419121641e-02 1.474929799e-02 1.533792660e-02 1.595914656e-02
 1.661468875e-02 1.730545091e-02 1.803131780e-02 1.879096484e-02 1.958165670e-02
 2.039905383e-02 2.123704428e-02 2.208762137e-02 2.294083086e-02 2.378481183e-02
 2.460595422e-02 2.538919034e-02 2.611842872e-02 2.677712536e-02 2.734897185e-02
 2.781866231e-02 2.817268583e-02 2.840007976e-02 2.849307529e-02 2.844757189e-02
 2.826339112e-02 2.794428264e-02 2.749768102e-02 2.693423888e-02 2.626718385e-02
 2.551156233e-02 2.468343827e-02 2.379911233e-02 2.287441607e-02 2.192412004e-02
 2.096147803e-02 1.999791305e-02 1.904283734e-02 1.810358907e-02 1.718546257e-02
 1.629180688e-02 1.542416774e-02 1.458244961e-02 1.376523978e-02 1.297099223e-02
 1.219824850e-02 1.144564440e-02 1.071191147e-02 9.995875316e-03 9.296452023e-03
 8.612643407e-03 7.943531773e-03 7.288274479e-03 6.646098564e-03 6.016295580e-03
 9.583047099e-03 9.877895048e-03 1.019633982e-02 1.053563106e-02 1.089471075e-02
 1.127343540e-02 1.167218295e-02 1.209165172e-02 1.253275541e-02 1.299656695e-02
 1.348428763e-02 1.399722880e-02 1.453679929e-02 1.510449472e-02 1.570188989e-02
 1.633050381e-02 1.699108143e-02 1.768340273e-02 1.840610319e-02 1.915649299e-02
 1.993038592e-02 2.072195355e-02 2.152362351e-02 2.232604261e-02 2.311812669e-02
 2.388721644e-02 2.461935419e-02 2.529968767e-02 2.591299523e-02 2.644431308e-02
 2.687962985e-02 2.720660052e-02 2.741522250e-02 2.749841319e-02 2.745243335e-02
 2.727711313e-02 2.697585678e-02 2.655542512e-02 2.602551772e-02 2.539819680e-02
 2.468720766e-02 2.390725607e-02 2.307330066e-02 2.219990891e-02 2.130071264e-02
 2.038798339e-02 1.947233419e-02 1.856254174e-02 1.766547457e-02 1.678610699e-02
 1.592759677e-02 1.509140411e-02 1.427742184e-02 1.348462266e-02 1.271194354e-02
 1.195832650e-02 1.122274184e-02 1.050420191e-02 9.801769098e-03 9.114559883e-03
 8.441746421e-03 7.782556353e-03 7.136271541e-03 6.502226107e-03 5.879804078e-03
 9.507821365e-03 9.787664049e-03 1.009487761e-02 1.042430239e-02 1.077374680e-02
 1.114248127e-02 1.153053695e-02 1.193836634e-02 1.236667284e-02 1.281632131e-02
 1.328828816e-02 1.378363021e-02 1.430346117e-02 1.484892904e-02 1.542118749e-02
 1.602139947e-02 1.665017648e-02 1.730720756e-02 1.799110466e-02 1.869924391e-02
 1.942761699e-02 2.017070757e-02 2.092140934e-02 2.167100443e-02 2.240922063e-02
 2.312438425e-02 2.380368057e-02 2.443352605e-02 2.500004648e-02 2.548964267e-02
 2.588961247e-02 2.618878674e-02 2.637812887e-02 2.645124531e-02 2.640475877e-02
 2.623850689e-02 2.595554578e-02 2.556195755e-02 2.506648096e-02 2.448000108e-02
 2.381494565e-02 2.308464072e-02 2.230267604e-02 2.148232375e-02 2.063604197e-02
 1.977508287e-02 1.890921157e-02 1.804653199e-02 1.719340760e-02 1.635446008e-02
 1.553262647e-02 1.472925566e-02 1.394428543e-02 1.317719565e-02 1.242736568e-02
 1.169411525e-02 1.097673598e-02 1.027451377e-02 9.586744342e-03 8.912743773e-03
 8.251855398e-03 7.603454127e-03 6.966948910e-03 6.341783897e-03 5.727438691e-03
 9.399977250e-03 9.675560973e-03 9.976488811e-03 1.029824629e-02 1.063888826e-02
 1.099775011e-02 1.137483467e-02 1.177051020e-02 1.218535543e-02 1.262007557e-02
 1.307545274e-02 1.355231243e-02 1.405149572e-02 1.457383123e-02 1.512010282e-02
 1.569101313e-02 1.628702626e-02 1.690775312e-02 1.755180098e-02 1.821663340e-02
 1.889844313e-02 1.959204963e-02 2.029083584e-02 2.098674021e-02 2.167031994e-02
 2.233089926e-02 2.295681224e-02 2.353574301e-02 2.405515676e-02 2.450280488e-02
 2.486727626e-02 2.513855772e-02 2.530855991e-02 2.537156346e-02 2.532454424e-02
 2.516734586e-02 2.490268216e-02 2.453596869e-02 2.407499961e-02 2.352950051e-02
 2.291059789e-02 2.223025032e-02 2.150068516e-02 2.073387859e-02 1.994110741e-02
 1.913259005e-02 1.831722391e-02 1.750241613e-02 1.669399855e-02 1.589621211e-02
 1.511174448e-02 1.434180103e-02 1.358657889e-02 1.284602654e-02 1.211992429e-02
 1.140793803e-02 1.070965835e-02 1.002462938e-02 9.352370023e-03 8.692389423e-03
 8.044198224e-03 7.407316580e-03 6.781279816e-03 6.165642296e-03 5.559979995e-03
 9.262748002e-03 9.543388026e-03 9.842390697e-03 1.015844875e-02 1.049105553e-02
 1.084018319e-02 1.120609042e-02 1.158920850e-02 1.199007204e-02 1.240927455e-02
 1.284743665e-02 1.330517966e-02 1.378309942e-02 1.428173674e-02 1.480154099e-02
 1.534282169e-02 1.590573064e-02 1.648982745e-02 1.709373778e-02 1.771503461e-02
 1.835013246e-02 1.899420493e-02 1.964113854e-02 2.028353664e-02 2.091278686e-02
 2.151920338e-02 2.209225146e-02 2.262085547e-02 2.309378404e-02 2.350009685e-02
 2.382962857e-02 2.407347786e-02 2.422446393e-02 2.427751252e-02 2.422993629e-02
 2.408158303e-02 2.383483705e-02 2.349447311e-02 2.306737645e-02 2.256215478e-02
 2.198867642e-02 2.135757291e-02 2.067974353e-02 1.996589433e-02 1.922613669e-02
 1.846966131e-02 1.770449447e-02 1.693733518e-02 1.617346585e-02 1.541672416e-02
 1.466952092e-02 1.393299418e-02 1.320775549e-02 1.249413983e-02 1.179227360e-02
 1.110212904e-02 1.042356652e-02 9.756367074e-03 9.100257270e-03 8.454928241e-03
 7.820050098e-03 7.195282845e-03 6.580284576e-03 5.974717599e-03 5.378252955e-03
 9.109107849e-03 9.397531425e-03 9.696027784e-03 1.000701964e-02 1.033175912e-02
 1.067104395e-02 1.102550056e-02 1.139569110e-02 1.178214969e-02 1.218538922e-02
 1.260589471e-02 1.304410876e-02 1.350041066e-02 1.397508872e-02 1.446830446e-02
 1.498004703e-02 1.551007804e-02 1.605784465e-02 1.662201356e-02 1.720028743e-02
 1.778931983e-02 1.838465105e-02 1.898067698e-02 1.957066293e-02 2.014681351e-02
 2.070040776e-02 2.122200480e-02 2.170172056e-02 2.212956892e-02 2.249585346e-02
 2.279158859e-02 2.300892216e-02 2.314152839e-02 2.318493840e-02 2.313677971e-02
 2.299690220e-02 2.276737859e-02 2.245237875e-02 2.205792928e-02 2.159157971e-02
 2.106200383e-02 2.047856850e-02 1.985090134e-02 1.918848529e-02 1.850030186e-02
 1.779453712e-02 1.707835718e-02 1.635775294e-02 1.563744823e-02 1.492086211e-02
 1.421011350e-02 1.350654403e-02 1.281110734e-02 1.212445490e-02 1.144700317e-02
 1.077898743e-02 1.012050459e-02 9.471547215e-03 8.832030307e-03 8.201812423e-03
 7.580712226e-03 6.968521433e-03 6.365014915e-03 5.769958557e-03 5.183115346e-03
 8.954127847e-03 9.245672608e-03 9.541608796e-03 9.846517827e-03 1.016277329e-02
 1.049175010e-02 1.083434924e-02 1.119123295e-02 1.156292997e-02 1.194987982e-02
 1.235244618e-02 1.277091322e-02 1.320547035e-02 1.365618775e-02 1.412298284e-02
 1.460557713e-02 1.510344213e-02 1.561573069e-02 1.614115320e-02 1.667755881e-02
 1.722185331e-02 1.776995045e-02 1.831675332e-02 1.885617614e-02 1.938121497e-02
 1.988407452e-02 2.035635518e-02 2.078929945e-02 2.117409178e-02 2.150219937e-02
 2.176573552e-02 2.195782197e-02 2.207292406e-02 2.210713147e-02 2.205836090e-02
 2.192646210e-02 2.171321751e-02 2.142223492e-02 2.105874247e-02 2.062930369e-02
 2.014147603e-02 1.960343973e-02 1.902362344e-02 1.841035013e-02 1.777152213e-02
 1.711435770e-02 1.644518561e-02 1.576929817e-02 1.509085833e-02 1.441284710e-02
 1.373732404e-02 1.306587868e-02 1.239971791e-02 1.173974000e-02 1.108659590e-02
 1.044073967e-02 9.802469836e-03 9.171962939e-03 8.549300825e-03 7.934492610e-03
 7.327492367e-03 6.728213334e-03 6.136539284e-03 5.552333627e-03 4.975446665e-03
 8.807184483e-03 9.093159351e-03 9.382426953e-03 9.679148236e-03 9.985735851e-03
 1.030366369e-02 1.063389098e-02 1.097708244e-02 1.133372035e-02 1.170415834e-02
 1.208864252e-02 1.248731312e-02 1.290019304e-02 1.332716627e-02 1.376794731e-02
 1.422204153e-02 1.468869571e-02 1.516683728e-02 1.565501688e-02 1.615124571e-02
 1.665269155e-02 1.715564301e-02 1.765550125e-02 1.814680780e-02 1.862331486e-02
 1.907810311e-02 1.950375030e-02 1.989254917e-02 2.023676907e-02 2.052895017e-02
 2.076221469e-02 2.093057527e-02 2.102921854e-02 2.105474185e-02 2.100532326e-02
 2.088081010e-02 2.068271777e-02 2.041413865e-02 2.007956837e-02 1.968466410e-02
 1.923595401e-02 1.874051988e-02 1.820567487e-02 1.763865619e-02 1.704634861e-02
 1.643504965e-02 1.581028283e-02 1.517665940e-02 1.453778443e-02 1.389635504e-02
 1.325454934e-02 1.261411332e-02 1.197642977e-02 1.134257994e-02 1.071339679e-02
 1.008951035e-02 9.471385883e-03 8.859355821e-03 8.253646188e-03 7.654398479e-03
 7.061687639e-03 6.475536824e-03 5.895929473e-03 5.322819184e-03 4.756137768e-03
 8.667880549e-03 8.941240356e-03 9.219944683e-03 9.506261825e-03 9.801867714e-03
 1.010792939e-02 1.042525340e-02 1.075439937e-02 1.109575128e-02 1.144955621e-02
 1.181594078e-02 1.219491193e-02 1.258634632e-02 1.298997072e-02 1.340533423e-02
 1.383177289e-02 1.426836644e-02 1.471388733e-02 1.516674321e-02 1.562491783e-02
 1.608584754e-02 1.654619276e-02 1.700183730e-02 1.744792155e-02 1.787891133e-02
 1.828870610e-02 1.867078977e-02 1.901842206e-02 1.932486523e-02 1.958363646e-02
 1.978877263e-02 1.993509087e-02 2.001842701e-02 2.003583358e-02 1.998572151e-02
 1.986793332e-02 1.968374133e-02 1.943577051e-02 1.912785214e-02 1.876481983e-02
 1.835226364e-02 1.789626008e-02 1.740309627e-02 1.687900446e-02 1.632992049e-02
 1.576127515e-02 1.517782533e-02 1.458352609e-02 1.398154950e-02 1.337456148e-02
 1.276478135e-02 1.215403867e-02 1.154382741e-02 1.093535590e-02 1.032959165e-02
 9.727300808e-03 9.129082203e-03 8.535396624e-03 7.946591625e-03 7.362922480e-03
 6.784569791e-03 6.211654211e-03 5.644248733e-03 5.082388923e-03 4.526081426e-03
 8.530136775e-03 8.788141573e-03 9.054014113e-03 9.328340837e-03 9.611908970e-03
 9.905412797e-03 1.020938831e-02 1.052421778e-02 1.085014760e-02 1.118730148e-02
 1.153568492e-02 1.189518103e-02 1.226553855e-02 1.264635296e-02 1.303704132e-02
 1.343681095e-02 1.384462251e-02 1.425914754e-02 1.467872167e-02 1.510129431e-02
 1.552437176e-02 1.594497994e-02 1.635946392e-02 1.676352896e-02 1.715230755e-02
 1.752045605e-02 1.786228944e-02 1.817194804e-02 1.844359285e-02 1.867162086e-02
 1.885088889e-02 1.897693240e-02 1.904616471e-02 1.905604167e-02 1.900517885e-02
 1.889341163e-02 1.872179278e-02 1.849252731e-02 1.820884964e-02 1.787485230e-02
 1.749527859e-02 1.707529385e-02 1.662025045e-02 1.613545915e-02 1.562597933e-02
 1.509643262e-02 1.455085079e-02 1.399268170e-02 1.342492904e-02 1.285017632e-02
 1.227062296e-02 1.168812437e-02 1.110423263e-02 1.052023582e-02 9.937194532e-03
 9.355975177e-03 8.777279551e-03 8.201670861e-03 7.629596337e-03 7.061406729e-03
 6.497373009e-03 5.937700613e-03 5.382541531e-03 4.832004549e-03 4.286163908e-03
 8.388474093e-03 8.631354476e-03 8.883739593e-03 9.145321597e-03 9.416232226e-03
 9.696732773e-03 9.987073570e-03 1.028743724e-02 1.059791711e-02 1.091850754e-02
 1.124909588e-02 1.158945203e-02 1.193921412e-02 1.229786983e-02 1.266473328e-02
 1.303891772e-02 1.341930422e-02 1.380450702e-02 1.419283635e-02 1.458226000e-02
 1.497036543e-02 1.535432847e-02 1.573091239e-02 1.609634914e-02 1.644639004e-02
 1.677638391e-02 1.708140086e-02 1.735637539e-02 1.759627400e-02 1.779627833e-02
 1.795197304e-02 1.805952860e-02 1.811586675e-02 1.811879676e-02 1.806711178e-02
 1.796063774e-02 1.780023025e-02 1.758771972e-02 1.732580842e-02 1.701792722e-02
 1.666806128e-02 1.628055638e-02 1.585992008e-02 1.541062416e-02 1.493692633e-02
 1.444269358e-02 1.393144664e-02 1.340634936e-02 1.287020840e-02 1.232548448e-02
 1.177431331e-02 1.121853219e-02 1.065970921e-02 1.009917315e-02 9.538042467e-03
 8.977252535e-03 8.417580688e-03 7.859668781e-03 7.304043278e-03 6.751132930e-03
 6.201284223e-03 5.654774785e-03 5.111824972e-03 4.572607832e-03 4.037257662e-03
 8.240012051e-03 8.469040006e-03 8.708231259e-03 8.956968386e-03 9.215020804e-03
 9.482343111e-03 9.758948256e-03 1.004483602e-02 1.033995362e-02 1.064417217e-02
 1.095726975e-02 1.127891591e-02 1.160865530e-02 1.194588907e-02 1.228985379e-02
 1.263959759e-02 1.299395412e-02 1.335151453e-02 1.371059880e-02 1.406922761e-02
 1.442509694e-02 1.477555917e-02 1.511761432e-02 1.544789722e-02 1.576273859e-02
 1.605811044e-02 1.632976502e-02 1.657334671e-02 1.678453736e-02 1.695921270e-02
 1.709359809e-02 1.718442026e-02 1.722904438e-02 1.722558629e-02 1.717299132e-02
 1.707107363e-02 1.692051258e-02 1.672280611e-02 1.648018452e-02 1.619549167e-02
 1.587203864e-02 1.551343742e-02 1.512343815e-02 1.470574908e-02 1.426392725e-02
 1.380135661e-02 1.332118237e-02 1.282628055e-02 1.231924563e-02 1.180239101e-02
 1.127775882e-02 1.074713601e-02 1.021207430e-02 9.673911943e-03 9.133796049e-03
 8.592704302e-03 8.051465615e-03 7.510779250e-03 6.971232249e-03 6.433315112e-03
 5.897435766e-03 5.363931912e-03 4.833081862e-03 4.305114021e-03 3.780215135e-03
 8.083775382e-03 8.300280309e-03 8.526942403e-03 8.763116452e-03 9.008417187e-03
 9.262616677e-03 9.525558160e-03 9.797094900e-03 1.007704916e-02 1.036518404e-02
 1.066118222e-02 1.096462785e-02 1.127498907e-02 1.159159998e-02 1.191364146e-02
 1.224012062e-02 1.256984925e-02 1.290142161e-02 1.323319279e-02 1.356325872e-02
 1.388943977e-02 1.420927045e-02 1.451999734e-02 1.481858643e-02 1.510175392e-02
 1.536599393e-02 1.560768229e-02 1.582309082e-02 1.600853011e-02 1.616048696e-02
 1.627574661e-02 1.635151898e-02 1.638555254e-02 1.637622650e-02 1.632261491e-02
 1.622451798e-02 1.608245792e-02 1.589763867e-02 1.567187249e-02 1.540748485e-02
 1.510719296e-02 1.477394869e-02 1.441083631e-02 1.402099050e-02 1.360749017e-02
 1.317329888e-02 1.272121371e-02 1.225383181e-02 1.177353183e-02 1.128246701e-02
 1.078256689e-02 1.027554559e-02 9.762914330e-03 9.245996538e-03 8.725944398e-03
 8.203755719e-03 7.680290533e-03 7.156286933e-03 6.632375888e-03 6.109094862e-03
 5.586900195e-03 5.066178243e-03 4.547255330e-03 4.030406572e-03 3.515863689e-03
 7.919761534e-03 8.124839914e-03 8.339699107e-03 8.563763700e-03 8.796606328e-03
 9.037905329e-03 9.287394955e-03 9.544821639e-03 9.809909427e-03 1.008233318e-02
 1.036169700e-02 1.064751568e-02 1.093919744e-02 1.123602696e-02 1.153714825e-02
 1.184154711e-02 1.214803352e-02 1.245522438e-02 1.276152747e-02 1.306512786e-02
 1.336397816e-02 1.365579458e-02 1.393806062e-02 1.420804061e-02 1.446280696e-02
 1.469927868e-02 1.491428359e-02 1.510461535e-02 1.526712750e-02 1.539884922e-02
 1.549705114e-02 1.555935889e-02 1.558384930e-02 1.556912570e-02 1.551436949e-02
 1.541936487e-02 1.528449444e-02 1.511070372e-02 1.489943098e-02 1.465254362e-02
 1.437225394e-02 1.406101223e-02 1.372141634e-02 1.335613266e-02 1.296781971e-02
 1.255906975e-02 1.213236259e-02 1.169003250e-02 1.123424667e-02 1.076699373e-02
 1.029008004e-02 9.805132129e-03 9.313603455e-03 8.816784276e-03 8.315813316e-03
 7.811690462e-03 7.305289748e-03 6.797372191e-03 6.288598111e-03 5.779538744e-03
 5.270687009e-03 4.762467388e-03 4.255244888e-03 3.749333127e-03 3.245001586e-03
 7.748385132e-03 7.942884617e-03 8.146608863e-03 8.359068155e-03 8.579842788e-03
 8.808570700e-03 9.044921955e-03 9.288570536e-03 9.539168317e-03 9.796322490e-03
 1.005957606e-02 1.032839051e-02 1.060212977e-02 1.088004486e-02 1.116125887e-02
 1.144475227e-02 1.172934871e-02 1.201370181e-02 1.229628369e-02 1.257537623e-02
 1.284906625e-02 1.311524600e-02 1.337162065e-02 1.361572419e-02 1.384494575e-02
 1.405656659e-02 1.424780991e-02 1.441589821e-02 1.455812605e-02 1.467194093e-02
 1.475501553e-02 1.480532773e-02 1.482123341e-02 1.480152498e-02 1.474547180e-02
 1.465283975e-02 1.452388823e-02 1.435934463e-02 1.416035834e-02 1.392844572e-02
 1.366542318e-02 1.337333086e-02 1.305435943e-02 1.271078278e-02 1.234489634e-02
 1.195896560e-02 1.155518445e-02 1.113564357e-02 1.070230813e-02 1.025700370e-02
 9.801408990e-03 9.337054136e-03 8.865323245e-03 8.387460024e-03 7.904575566e-03
 7.417657490e-03 6.927579822e-03 6.435113125e-03 5.940934550e-03 5.445637539e-03
 4.949741034e-03 4.453698082e-03 3.957903791e-03 3.462702611e-03 2.968394959e-03
 7.570210892e-03 7.754785294e-03 7.947956510e-03 8.149308226e-03 8.358445065e-03
 8.574992847e-03 8.798586942e-03 9.028855206e-03 9.265399606e-03 9.507778512e-03
 9.755490286e-03 1.000795812e-02 1.026451589e-02 1.052439470e-02 1.078671010e-02
 1.105044994e-02 1.131446319e-02 1.157745004e-02 1.183795406e-02 1.209435713e-02
 1.234487809e-02 1.258757637e-02 1.282036152e-02 1.304100999e-02 1.324719004e-02
 1.343649534e-02 1.360648754e-02 1.375474658e-02 1.387892911e-02 1.397683152e-02
 1.404645187e-02 1.408605166e-02 1.409421188e-02 1.406987854e-02 1.401239449e-02
 1.392151507e-02 1.379740673e-02 1.364062870e-02 1.345209988e-02 1.323305527e-02
 1.298499354e-02 1.270961890e-02 1.240878267e-02 1.208442759e-02 1.173853683e-02
 1.137308954e-02 1.099002386e-02 1.059120761e-02 1.017841631e-02 9.753317920e-03
 9.317463463e-03 8.872282505e-03 8.419082564e-03 7.959051544e-03 7.493262409e-03
 7.022679413e-03 6.548165332e-03 6.070489252e-03 5.590334578e-03 5.108306987e-03
 4.624942170e-03 4.140713211e-03 3.656037529e-03 3.171283353e-03 2.686775683e-03
 7.385835679e-03 7.561002656e-03 7.744123852e-03 7.934838263e-03 8.132776721e-03
 8.337566299e-03 8.548825745e-03 8.766155522e-03 8.989125275e-03 9.217260510e-03
 9.450029417e-03 9.686830226e-03 9.926979187e-03 1.016969922e-02 1.041410929e-02
 1.065921458e-02 1.090389792e-02 1.114691260e-02 1.138687732e-02 1.162227392e-02
 1.185144847e-02 1.207261685e-02 1.228387534e-02 1.248321729e-02 1.266855619e-02
 1.283775572e-02 1.298866644e-02 1.311916845e-02 1.322721934e-02 1.331090488e-02
 1.336848979e-02 1.339846662e-02 1.339959974e-02 1.337096117e-02 1.331195567e-02
 1.322233362e-02 1.310219060e-02 1.295195423e-02 1.277235944e-02 1.256441456e-02
 1.232936042e-02 1.206862485e-02 1.178377590e-02 1.147647627e-02 1.114844080e-02
 1.080139850e-02 1.043706003e-02 1.005709104e-02 9.663091229e-03 9.256578916e-03
 8.838980497e-03 8.411624120e-03 7.975736902e-03 7.532444978e-03 7.082775746e-03
 6.627661753e-03 6.167945726e-03 5.704386360e-03 5.237664535e-03 4.768389705e-03
 4.297106288e-03 3.824299891e-03 3.350403291e-03 2.875802095e-03 2.400840049e-03
 7.195839209e-03 7.362024604e-03 7.535536137e-03 7.716051980e-03 7.903225672e-03
 8.096690996e-03 8.296060651e-03 8.500920491e-03 8.710821071e-03 8.925267855e-03
 9.143710957e-03 9.365534939e-03 9.590048957e-03 9.816477452e-03 1.004395155e-02
 1.027150139e-02 1.049804964e-02 1.072240661e-02 1.094326737e-02 1.115921146e-02
 1.136870572e-02 1.157011096e-02 1.176169299e-02 1.194163848e-02 1.210807617e-02
 1.225910336e-02 1.239281749e-02 1.250735223e-02 1.260091702e-02 1.267183847e-02
 1.271860161e-02 1.273988909e-02 1.273461614e-02 1.270195904e-02 1.264137522e-02
 1.255261382e-02 1.243571604e-02 1.229100550e-02 1.211906950e-02 1.192073277e-02
 1.169702528e-02 1.144914631e-02 1.117842682e-02 1.088629212e-02 1.057422643e-02
 1.024374060e-02 9.896343722e-03 9.533519163e-03 9.156705160e-03 8.767279752e-03
 8.366549800e-03 7.955743609e-03 7.536006662e-03 7.108399941e-03 6.673900328e-03
 6.233402630e-03 5.787722824e-03 5.337602156e-03 4.883711829e-03 4.426658009e-03
 3.966987000e-03 3.505190416e-03 3.041710246e-03 2.576943754e-03 2.111248131e-03
 7.000765061e-03 7.158333700e-03 7.322629052e-03 7.493356151e-03 7.670186588e-03
 7.852762548e-03 8.040696713e-03 8.233568863e-03 8.430920138e-03 8.632245908e-03
 8.836987935e-03 9.044526358e-03 9.254171837e-03 9.465158138e-03 9.676635377e-03
 9.887664187e-03 1.009721107e-02 1.030414530e-02 1.050723770e-02 1.070516183e-02
 1.089649791e-02 1.107974008e-02 1.125330729e-02 1.141555825e-02 1.156481051e-02
 1.169936381e-02 1.181752717e-02 1.191764943e-02 1.199815206e-02 1.205756317e-02
 1.209455115e-02 1.210795637e-02 1.209681925e-02 1.206040311e-02 1.199821049e-02
 1.190999183e-02 1.179574633e-02 1.165571479e-02 1.149036539e-02 1.130037313e-02
 1.108659453e-02 1.085003895e-02 1.059183815e-02 1.031321576e-02 1.001545762e-02
 9.699884409e-03 9.367827018e-03 9.020605242e-03 8.659510012e-03 8.285789111e-03
 7.900636227e-03 7.505183063e-03 7.100494133e-03 6.687563877e-03 6.267315688e-03
 5.840602509e-03 5.408208626e-03 4.970852395e-03 4.529189623e-03 4.083817384e-03
 3.635278124e-03 3.184063873e-03 2.730620487e-03 2.275351817e-03 1.818623748e-03
 6.801114827e-03 6.950390993e-03 7.105829349e-03 7.267153090e-03 7.434047716e-03
 7.606163923e-03 7.783117818e-03 7.964488782e-03 8.149815504e-03 8.338590781e-03
 8.530255621e-03 8.724193063e-03 8.919722078e-03 9.116091824e-03 9.312476519e-03
 9.507971176e-03 9.701588477e-03 9.892257089e-03 1.007882173e-02 1.026004535e-02
 1.043461378e-02 1.060114314e-02 1.075819038e-02 1.090426705e-02 1.103785645e-02
 1.115743403e-02 1.126149074e-02 1.134855879e-02 1.141723910e-02 1.146622936e-02
 1.149435161e-02 1.150057804e-02 1.148405380e-02 1.144411550e-02 1.138030451e-02
 1.129237428e-02 1.118029139e-02 1.104423030e-02 1.088456241e-02 1.070183993e-02
 1.049677587e-02 1.027022097e-02 1.002313908e-02 9.756581957e-03 9.471664566e-03
 9.169541815e-03 8.851387274e-03 8.518374377e-03 8.171660338e-03 7.812372843e-03
 7.441599475e-03 7.060379668e-03 6.669698990e-03 6.270485446e-03 5.863607531e-03
 5.449873723e-03 5.030033160e-03 4.604777231e-03 4.174741878e-03 3.740510402e-03
 3.302616632e-03 2.861548293e-03 2.417750497e-03 1.971629254e-03 1.523554928e-03
 6.597347819e-03 6.738628566e-03 6.885544013e-03 7.037829674e-03 7.195181797e-03
 7.357259209e-03 7.523683454e-03 7.694037319e-03 7.867862010e-03 8.044653351e-03
 8.223857374e-03 8.404865654e-03 8.587010684e-03 8.769561566e-03 8.951720264e-03
 9.132618664e-03 9.311316686e-03 9.486801712e-03 9.657989603e-03 9.823727577e-03
 9.982799219e-03 1.013393186e-02 1.027580651e-02 1.040707051e-02 1.052635275e-02
 1.063228159e-02 1.072350486e-02 1.079871176e-02 1.085665583e-02 1.089617827e-02
 1.091623069e-02 1.091589629e-02 1.089440845e-02 1.085116591e-02 1.078574371e-02
 1.069789937e-02 1.058757406e-02 1.045488877e-02 1.030013577e-02 1.012376602e-02
 9.926373108e-03 9.708674736e-03 9.471492604e-03 9.215731624e-03 8.942359289e-03
 8.652385905e-03 8.346846245e-03 8.026783042e-03 7.693232554e-03 7.347212333e-03
 6.989711198e-03 6.621681321e-03 6.244032272e-03 5.857626843e-03 5.463278404e-03
 5.061749604e-03 4.653752168e-03 4.239947592e-03 3.820948560e-03 3.397320897e-03
 2.969585937e-03 2.538223160e-03 2.103673015e-03 1.666339833e-03 1.226594761e-03
 6.389882977e-03 6.523446661e-03 6.662154600e-03 6.805750872e-03 6.953940294e-03
 7.106389419e-03 7.262726482e-03 7.422540271e-03 7.585378052e-03 7.750742768e-03
 7.918089778e-03 8.086823396e-03 8.256293482e-03 8.425792334e-03 8.594552086e-03
 8.761742858e-03 8.926471862e-03 9.087783696e-03 9.244662043e-03 9.396033009e-03
 9.540770278e-03 9.677702275e-03 9.805621455e-03 9.923295756e-03 1.002948219e-02
 1.012294244e-02 1.020246009e-02 1.026685928e-02 1.031502400e-02 1.034591760e-02
 1.035860161e-02 1.035225326e-02 1.032618079e-02 1.027983599e-02 1.021282321e-02
 1.012490472e-02 1.001600182e-02 9.886192127e-03 9.735702898e-03 9.564901057e-03
 9.374280350e-03 9.164446342e-03 8.936099951e-03 8.690020250e-03 8.427047177e-03
 8.148064761e-03 7.853985321e-03 7.545735006e-03 7.224240934e-03 6.890420048e-03
 6.545169759e-03 6.189360322e-03 5.823828873e-03 5.449374982e-03 5.066757580e-03
 4.676693072e-03 4.279854479e-03 3.876871431e-03 3.468330863e-03 3.054778268e-03
 2.636719383e-03 2.214622199e-03 1.788919200e-03 1.360009754e-03 9.282625790e-04
 6.179101542e-03 6.305213217e-03 6.436014671e-03 6.571256275e-03 6.710650042e-03
 6.853869997e-03 7.000551925e-03 7.150292422e-03 7.302647329e-03 7.457129660e-03
 7.613207217e-03 7.770300082e-03 7.927778193e-03 8.084959209e-03 8.241106855e-03
 8.395429945e-03 8.547082272e-03 8.695163562e-03 8.838721657e-03 8.976756117e-03
 9.108223382e-03 9.232043613e-03 9.347109287e-03 9.452295559e-03 9.546472316e-03
 9.628517787e-03 9.697333450e-03 9.751859879e-03 9.791093102e-03 9.814100937e-03
 9.820038722e-03 9.808163842e-03 9.777848450e-03 9.728589856e-03 9.660018125e-03
 9.571900567e-03 9.464142973e-03 9.336787564e-03 9.190007845e-03 9.024100649e-03
 8.839475806e-03 8.636643938e-03 8.416202937e-03 8.178823686e-03 7.925235551e-03
 7.656212122e-03 7.372557619e-03 7.075094260e-03 6.764650841e-03 6.442052664e-03
 6.108112892e-03 5.763625330e-03 5.409358593e-03 5.046051569e-03 4.674410085e-03
 4.295104625e-03 3.908768988e-03 3.515999739e-03 3.117356333e-03 2.713361793e-03
 2.304503827e-03 1.891236303e-03 1.473980992e-03 1.053129506e-03 6.290453687e-04
 5.965349854e-03 6.084264628e-03 6.207449067e-03 6.334658575e-03 6.465611623e-03
 6.599989643e-03 6.737436612e-03 6.877558222e-03 7.019920664e-03 7.164049109e-03
 7.309425986e-03 7.455489226e-03 7.601630625e-03 7.747194493e-03 7.891476754e-03
 8.033724670e-03 8.173137334e-03 8.308867109e-03 8.440022145e-03 8.565670112e-03
 8.684843258e-03 8.796544874e-03 8.899757205e-03 8.993450783e-03 9.076595123e-03
 9.148170616e-03 9.207181412e-03 9.252668981e-03 9.283725993e-03 9.299510087e-03
 9.299257064e-03 9.282293029e-03 9.248045010e-03 9.196049646e-03 9.125959584e-03
 9.037547347e-03 8.930706539e-03 8.805450375e-03 8.661907663e-03 8.500316453e-03
 8.321015693e-03 8.124435264e-03 7.911084830e-03 7.681541960e-03 7.436439917e-03
 7.176455541e-03 6.902297539e-03 6.614695473e-03 6.314389651e-03 6.002122072e-03
 5.678628499e-03 5.344631706e-03 5.000835873e-03 4.647922089e-03 4.286544880e-03
 3.917329686e-03 3.540871167e-03 3.157732251e-03 2.768443807e-03 2.373504856e-03
 1.973383222e-03 1.568516550e-03 1.159313616e-03 7.461559000e-04 3.293993585e-04
 5.748942028e-03 5.860907140e-03 5.976754244e-03 6.096243275e-03 6.219098904e-03
 6.345010079e-03 6.473629488e-03 6.604572841e-03 6.737417920e-03 6.871703474e-03
 7.006928014e-03 7.142548653e-03 7.277980080e-03 7.412593842e-03 7.545718036e-03
 7.676637579e-03 7.804595164e-03 7.928793045e-03 8.048395766e-03 8.162533930e-03
 8.270309081e-03 8.370799777e-03 8.463068826e-03 8.546171701e-03 8.619166010e-03
 8.681121916e-03 8.731133292e-03 8.768329361e-03 8.791886522e-03 8.801040006e-03
 8.795094993e-03 8.773436820e-03 8.735539891e-03 8.680974990e-03 8.609414698e-03
 8.520636741e-03 8.414525148e-03 8.291069222e-03 8.150360400e-03 7.992587171e-03
 7.818028313e-03 7.627044728e-03 7.420070232e-03 7.197601633e-03 6.960188452e-03
 6.708422594e-03 6.442928276e-03 6.164352421e-03 5.873355738e-03 5.570604601e-03
 5.256763834e-03 4.932490445e-03 4.598428306e-03 4.255203779e-03 3.903422215e-03
 3.543665289e-03 3.176489072e-03 2.802422779e-03 2.421968100e-03 2.035599031e-03
 1.643762145e-03 1.246877215e-03 8.453381546e-04 4.395142430e-04 2.975171645e-05
 5.530162411e-03 5.635418622e-03 5.744199245e-03 5.856269150e-03 5.971359334e-03
 6.089166471e-03 6.209352396e-03 6.331543490e-03 6.455329959e-03 6.580265046e-03
 6.705864241e-03 6.831604571e-03 6.956924075e-03 7.081221563e-03 7.203856788e-03
 7.324151122e-03 7.441388864e-03 7.554819263e-03 7.663659365e-03 7.767097747e-03
 7.864299193e-03 7.954410355e-03 8.036566374e-03 8.109898442e-03 8.173542210e-03
 8.226646926e-03 8.268385116e-03 8.297962613e-03 8.314628662e-03 8.317685831e-03
 8.306499421e-03 8.280506085e-03 8.239221343e-03 8.182245768e-03 8.109269601e-03
 8.020075656e-03 7.914540430e-03 7.792633401e-03 7.654414580e-03 7.500030442e-03
 7.329708431e-03 7.143750254e-03 6.942524253e-03 6.726457105e-03 6.496025143e-03
 6.251745557e-03 5.994167709e-03 5.723864767e-03 5.441425836e-03 5.147448700e-03
 4.842533279e-03 4.527275846e-03 4.202264041e-03 3.868072658e-03 3.525260197e-03
 3.174366134e-03 2.815908851e-03 2.450384167e-03 2.078264410e-03 1.699997957e-03
 1.316009181e-03 9.266987433e-04 5.324441808e-04 1.336007235e-04-2.694976883e-04
 9.511444897e-01 9.677287900e-01 9.832038269e-01 9.990980664e-01 1.015423074e+00
 1.032188265e+00 1.049431807e+00 1.067155950e+00 1.085381640e+00 1.104138161e+00
 1.123436491e+00 1.143299677e+00 1.163758305e+00 1.184830080e+00 1.206542584e+00
 1.228928045e+00 1.252003045e+00 1.275803818e+00 1.300375091e+00 1.325739468e+00
 1.351912939e+00 1.378954167e+00 1.406925267e+00 1.435839951e+00 1.465715146e+00
 1.496630182e+00 1.528669922e+00 1.561853316e+00 1.596187086e+00 1.631770917e+00
 1.668720633e+00 1.707073279e+00 1.746822090e+00 1.788087297e+00 1.831014589e+00
 1.875671792e+00 1.922053134e+00 1.970293583e+00 2.020570229e+00 2.072981698e+00
 2.127548446e+00 2.184427295e+00 2.243825636e+00 2.305850114e+00 2.370603054e+00
 2.438268682e+00 2.509058033e+00 2.583104672e+00 2.660628569e+00 2.741841138e+00
 2.826908717e+00 2.916092173e+00 3.009707888e+00 3.107907288e+00 3.210931005e+00
 3.319197436e+00 3.432944910e+00 3.552344463e+00 3.677830916e+00 3.809704779e+00
 3.948184456e+00 4.093609922e+00 4.246192949e+00 4.406209450e+00 4.573720317e+00
  165    8
 9.969083536e-01 2.187500000e-01 1.006250000e+00 2.208912241e-01 1.017187500e+00
 2.228204410e-01 1.028125000e+00 2.241849425e-01 1.039062500e+00 2.250022772e-01
 1.050000000e+00 2.252831391e-01 1.060937500e+00 2.250309169e-01 1.071875000e+00
 2.242414202e-01 1.082812500e+00 2.229028022e-01 1.093750000e+00 2.209956850e-01
 1.103578384e+00 2.187500000e-01 1.104687500e+00 2.185050572e-01 1.115625000e+00
 2.155089136e-01 1.126562500e+00 2.118569069e-01 1.136730239e+00 2.078125000e-01
 1.137500000e+00 2.075102782e-01 1.148437500e+00 2.025710243e-01 1.159237894e+00
 1.968750000e-01 1.159375000e+00 1.968023963e-01 1.170312500e+00 1.903178871e-01
 1.176830634e+00 1.859375000e-01 1.181250000e+00 1.828993530e-01 1.191528740e+00
 1.750000000e-01 1.192187500e+00 1.744752979e-01 1.203125000e+00 1.649259937e-01
 1.204035970e+00 1.640625000e-01 1.214062500e+00 1.540162602e-01 1.214889948e+00
 1.531250000e-01 1.224395948e+00 1.421875000e-01 1.225000000e+00 1.414377367e-01
 1.232770893e+00 1.312500000e-01 1.235937500e+00 1.266738347e-01 1.240159035e+00
 1.203125000e-01 1.246643798e+00 1.093750000e-01 1.246875000e+00 1.089440697e-01
 1.252379340e+00 9.843750000e-02 1.257329545e+00 8.750000000e-02 1.257812500e+00
 8.628639521e-02 1.261656731e+00 7.656250000e-02 1.265314414e+00 6.562500000e-02
 1.268329578e+00 5.468750000e-02 1.268750000e+00 5.281460273e-02 1.270815670e+00
 4.375000000e-02 1.272730992e+00 3.281250000e-02 1.274082488e+00 2.187500000e-02
 1.274886598e+00 1.093750000e-02 1.275153488e+00 0.000000000e+00 1.274886598e+00
-1.093750000e-02 1.274082488e+00-2.187500000e-02 1.272730992e+00-3.281250000e-02
 1.270815670e+00-4.375000000e-02 1.268750000e+00-5.281460273e-02 1.268329578e+00
-5.468750000e-02 1.265314414e+00-6.562500000e-02 1.261656731e+00-7.656250000e-02
 1.257812500e+00-8.628639521e-02 1.257329545e+00-8.750000000e-02 1.252379340e+00
-9.843750000e-02 1.246875000e+00-1.089440697e-01 1.246643798e+00-1.093750000e-01
 1.240159035e+00-1.203125000e-01 1.235937500e+00-1.266738347e-01 1.232770893e+00
-1.312500000e-01 1.225000000e+00-1.414377367e-01 1.224395948e+00-1.421875000e-01
 1.214889948e+00-1.531250000e-01 1.214062500e+00-1.540162602e-01 1.204035970e+00
-1.640625000e-01 1.203125000e+00-1.649259937e-01 1.192187500e+00-1.744752979e-01
 1.191528740e+00-1.750000000e-01 1.181250000e+00-1.828993530e-01 1.176830634e+00
-1.859375000e-01 1.170312500e+00-1.903178871e-01 1.159375000e+00-1.968023963e-01
 1.159237894e+00-1.968750000e-01 1.148437500e+00-2.025710243e-01 1.137500000e+00
-2.075102782e-01 1.136730239e+00-2.078125000e-01 1.126562500e+00-2.118569069e-01
 1.115625000e+00-2.155089136e-01 1.104687500e+00-2.185050572e-01 1.103578384e+00
-2.187500000e-01 1.093750000e+00-2.209956850e-01 1.082812500e+00-2.229028022e-01
 1.071875000e+00-2.242414202e-01 1.060937500e+00-2.250309169e-01 1.050000000e+00
-2.252831391e-01 1.039062500e+00-2.250022772e-01 1.028125000e+00-2.241849425e-01
 1.017187500e+00-2.228204410e-01 1.006250000e+00-2.208912241e-01 9.969083536e-01
-2.187500000e-01 9.953125000e-01-2.183890335e-01 9.843750000e-01-2.153737329e-01
 9.734375000e-01-2.117114398e-01 9.635999185e-01-2.078125000e-01 9.625000000e-01
-2.073727886e-01 9.515625000e-01-2.024291712e-01 9.409797546e-01-1.968750000e-01
 9.406250000e-01-1.966839520e-01 9.296875000e-01-1.902084446e-01 9.232496626e-01
-1.859375000e-01 9.187500000e-01-1.828189361e-01 9.085113543e-01-1.750000000e-01
 9.078125000e-01-1.744353396e-01 8.968750000e-01-1.649234822e-01 8.959471599e-01
-1.640625000e-01 8.859375000e-01-1.540549190e-01 8.850565752e-01-1.531250000e-01
 8.755312978e-01-1.421875000e-01 8.750000000e-01-1.415181598e-01 8.671223430e-01
-1.312500000e-01 8.640625000e-01-1.267794241e-01 8.597282679e-01-1.203125000e-01
 8.532825578e-01-1.093750000e-01 8.531250000e-01-1.090762423e-01 8.475275953e-01
-9.843750000e-02 8.426238359e-01-8.750000000e-02 8.421875000e-01-8.638333600e-02
 8.382928606e-01-7.656250000e-02 8.346601588e-01-6.562500000e-02 8.316894151e-01
-5.468750000e-02 8.312500000e-01-5.268880850e-02 8.292125538e-01-4.375000000e-02
 8.273067932e-01-3.281250000e-02 8.259675224e-01-2.187500000e-02 8.251727777e-01
-1.093750000e-02 8.249093349e-01 0.000000000e+00 8.251727777e-01 1.093750000e-02
 8.259675224e-01 2.187500000e-02 8.273067932e-01 3.281250000e-02 8.292125538e-01
 4.375000000e-02 8.312500000e-01 5.268880850e-02 8.316894151e-01 5.468750000e-02
 8.346601588e-01 6.562500000e-02 8.382928606e-01 7.656250000e-02 8.421875000e-01
 8.638333600e-02 8.426238359e-01 8.750000000e-02 8.475275953e-01 9.843750000e-02
 8.531250000e-01 1.090762423e-01 8.532825578e-01 1.093750000e-01 8.597282679e-01
 1.203125000e-01 8.640625000e-01 1.267794241e-01 8.671223430e-01 1.312500000e-01
 8.750000000e-01 1.415181598e-01 8.755312978e-01 1.421875000e-01 8.850565752e-01
 1.531250000e-01 8.859375000e-01 1.540549190e-01 8.959471599e-01 1.640625000e-01
 8.968750000e-01 1.649234822e-01 9.078125000e-01 1.744353396e-01 9.085113543e-01
 1.750000000e-01 9.187500000e-01 1.828189361e-01 9.232496626e-01 1.859375000e-01
 9.296875000e-01 1.902084446e-01 9.406250000e-01 1.966839520e-01 9.409797546e-01
 1.968750000e-01 9.515625000e-01 2.024291712e-01 9.625000000e-01 2.073727886e-01
 9.635999185e-01 2.078125000e-01 9.734375000e-01 2.117114398e-01 9.843750000e-01
 2.153737329e-01 9.953125000e-01 2.183890335e-01 9.969083536e-01 2.187500000e-01
 0.000000000e+00 0.000000000e+00 0.000000000e+00 0.000000000e+00 0.000000000e+00
 0.000000000e+00 0.000000000e+00 0.000000000e+00 0.000000000e+00 0.000000000e+00
 0.000000000e+00 0.000000000e+00 0.000000000e+00 0.000000000e+00 0.000000000e+00
 0.000000000e+00
