 -0.19245874  -0.63445144   0.38700000 
 -0.18574961  -0.63578597   0.38700000 
 -0.17904049  -0.63712050   0.38700000 
 -0.17233136  -0.63845502   0.38700000 
 -0.16562224  -0.63978955   0.38700000 
 -0.15891311  -0.64112408   0.38700000 
 -0.15220399  -0.64245861   0.38700000 
 -0.14549486  -0.64379314   0.38700000 
 -0.13878574  -0.64512766   0.38700000 
 -0.13207661  -0.64646219   0.38700000 
 -0.12536749  -0.64779672   0.38700000 
 -0.11865836  -0.64913125   0.38700000 
 -0.11194924  -0.65046577   0.38700000 
 -0.10524011  -0.65180030   0.38700000 
 -0.09853099  -0.65313483   0.38700000 
 -0.09182186  -0.65446936   0.38700000 
 -0.08511274  -0.65580389   0.38700000 
 -0.07840361  -0.65713841   0.38700000 
 -0.07169449  -0.65847294   0.38700000 
 -0.06498536  -0.65980747   0.38700000 
 -0.06564180  -0.66647234   0.38700000 
 -0.06629823  -0.67313721   0.38700000 
 -0.06695466  -0.67980207   0.38700000 
 -0.06761109  -0.68646694   0.38700000 
 -0.06826752  -0.69313181   0.38700000 
 -0.06892396  -0.69979668   0.38700000 
 -0.06958039  -0.70646154   0.38700000 
 -0.07023682  -0.71312641   0.38700000 
 -0.07089325  -0.71979128   0.38700000 
 -0.07154969  -0.72645615   0.38700000 
 -0.07220612  -0.73312101   0.38700000 
 -0.07286255  -0.73978588   0.38700000 
 -0.07351898  -0.74645075   0.38700000 
 -0.07417541  -0.75311562   0.38700000 
 -0.07483185  -0.75978048   0.38700000 
 -0.07548828  -0.76644535   0.38700000 
 -0.07614471  -0.77311022   0.38700000 
 -0.07680114  -0.77977509   0.38700000 
 -0.07745757  -0.78643995   0.38700000 
 -0.07811401  -0.79310482   0.38700000 
 -0.07877044  -0.79976969   0.38700000 
 -0.07942687  -0.80643456   0.38700000 
 -0.08008330  -0.81309942   0.38700000 
 -0.08073974  -0.81976429   0.38700000 
 -0.08139617  -0.82642916   0.38700000 
 -0.08205260  -0.83309403   0.38700000 
 -0.08270903  -0.83975890   0.38700000 
 -0.08336546  -0.84642376   0.38700000 
 -0.08402190  -0.85308863   0.38700000 
 -0.08467833  -0.85975350   0.38700000 
 -0.08533476  -0.86641837   0.38700000 
 -0.08599119  -0.87308323   0.38700000 
 -0.08664763  -0.87974810   0.38700000 
 -0.08730406  -0.88641297   0.38700000 
 -0.08796049  -0.89307784   0.38700000 
 -0.08861692  -0.89974270   0.38700000 
 -0.08927335  -0.90640757   0.38700000 
 -0.08992979  -0.91307244   0.38700000 
 -0.09058622  -0.91973731   0.38700000 
 -0.09124265  -0.92640217   0.38700000 
 -0.09189908  -0.93306704   0.38700000 
 -0.09255551  -0.93973191   0.38700000 
 -0.09321195  -0.94639678   0.38700000 
 -0.09386838  -0.95306164   0.38700000 
 -0.09452481  -0.95972651   0.38700000 
 -0.09518124  -0.96639138   0.38700000 
 -0.10184927  -0.96506503   0.38700000 
 -0.10851729  -0.96373867   0.38700000 
 -0.11518532  -0.96241232   0.38700000 
 -0.12185335  -0.96108597   0.38700000 
 -0.12852137  -0.95975962   0.38700000 
 -0.13518940  -0.95843326   0.38700000 
 -0.14185742  -0.95710691   0.38700000 
 -0.14852545  -0.95578056   0.38700000 
 -0.15519348  -0.95445420   0.38700000 
 -0.16186150  -0.95312785   0.38700000 
 -0.16852953  -0.95180150   0.38700000 
 -0.17519755  -0.95047515   0.38700000 
 -0.18186558  -0.94914879   0.38700000 
 -0.18853361  -0.94782244   0.38700000 
 -0.19520163  -0.94649609   0.38700000 
 -0.20186966  -0.94516973   0.38700000 
 -0.20853768  -0.94384338   0.38700000 
 -0.21520571  -0.94251703   0.38700000 
 -0.22187374  -0.94119068   0.38700000 
 -0.22854176  -0.93986432   0.38700000 
 -0.23520979  -0.93853797   0.38700000 
 -0.24187781  -0.93721162   0.38700000 
 -0.24854584  -0.93588526   0.38700000 
 -0.25521387  -0.93455891   0.38700000 
 -0.26188189  -0.93323256   0.38700000 
 -0.26854992  -0.93190621   0.38700000 
 -0.27521794  -0.93057985   0.38700000 
 -0.28188597  -0.92925350   0.38700000 
 -0.28382307  -0.93563927   0.38700000 
 -0.28576017  -0.94202504   0.38700000 
 -0.28769727  -0.94841080   0.38700000 
 -0.28963438  -0.95479657   0.38700000 
 -0.29157148  -0.96118234   0.38700000 
 -0.29350858  -0.96756811   0.38700000 
 -0.29544568  -0.97395387   0.38700000 
 -0.29738278  -0.98033964   0.38700000 
 -0.29931988  -0.98672541   0.38700000 
 -0.30125698  -0.99311118   0.38700000 
 -0.30319408  -0.99949695   0.38700000 
 -0.30513119  -1.00588271   0.38700000 
 -0.30706829  -1.01226848   0.38700000 
 -0.30900539  -1.01865425   0.38700000 
 -0.31094249  -1.02504002   0.38700000 
 -0.31287959  -1.03142578   0.38700000 
 -0.31481669  -1.03781155   0.38700000 
 -0.31675379  -1.04419732   0.38700000 
 -0.31869089  -1.05058309   0.38700000 
 -0.32062800  -1.05696885   0.38700000 
 -0.32256510  -1.06335462   0.38700000 
 -0.32450220  -1.06974039   0.38700000 
 -0.32643930  -1.07612616   0.38700000 
 -0.32837640  -1.08251193   0.38700000 
 -0.33031350  -1.08889769   0.38700000 
 -0.33225060  -1.09528346   0.38700000 
 -0.33418770  -1.10166923   0.38700000 
 -0.33612481  -1.10805500   0.38700000 
 -0.33806191  -1.11444076   0.38700000 
 -0.33999901  -1.12082653   0.38700000 
 -0.34193611  -1.12721230   0.38700000 
 -0.34387321  -1.13359807   0.38700000 
 -0.34581031  -1.13998384   0.38700000 
 -0.34774741  -1.14636960   0.38700000 
 -0.34968452  -1.15275537   0.38700000 
 -0.35162162  -1.15914114   0.38700000 
 -0.35355872  -1.16552691   0.38700000 
 -0.35549582  -1.17191267   0.38700000 
 -0.35743292  -1.17829844   0.38700000 
 -0.35937002  -1.18468421   0.38700000 
 -0.36130712  -1.19106998   0.38700000 
 -0.36324422  -1.19745575   0.38700000 
 -0.36518133  -1.20384151   0.38700000 
 -0.36711843  -1.21022728   0.38700000 
 -0.36905553  -1.21661305   0.38700000 
 -0.37099263  -1.22299882   0.38700000 
 -0.37292973  -1.22938458   0.38700000 
 -0.37486683  -1.23577035   0.38700000 
 -0.37680393  -1.24215612   0.38700000 
 -0.37874103  -1.24854189   0.38700000 
 -0.38067814  -1.25492765   0.38700000 
 -0.38261524  -1.26131342   0.38700000 
 -0.38455234  -1.26769919   0.38700000 
 -0.38648944  -1.27408496   0.38700000 
 -0.38842654  -1.28047073   0.38700000 
 -0.39036364  -1.28685649   0.38700000 
 -0.39230074  -1.29324226   0.38700000 
 -0.39423784  -1.29962803   0.38700000 
 -0.39617495  -1.30601380   0.38700000 
 -0.39811205  -1.31239956   0.38700000 
 -0.40004915  -1.31878533   0.38700000 
 -0.40198625  -1.32517110   0.38700000 
 -0.39731516  -1.32610024   0.38700000 
 -0.39264407  -1.32702937   0.38700000 
 -0.38797298  -1.32795851   0.38700000 
 -0.38330189  -1.32888765   0.38700000 
 -0.37863080  -1.32981678   0.38700000 
 -0.37395971  -1.33074592   0.38700000 
 -0.36928862  -1.33167506   0.38700000 
 -0.36461753  -1.33260419   0.38700000 
 -0.35994644  -1.33353333   0.38700000 
 -0.35527535  -1.33446247   0.38700000 
 -0.35060426  -1.33539161   0.38700000 
 -0.34593317  -1.33632074   0.38700000 
 -0.34126208  -1.33724988   0.38700000 
 -0.33659099  -1.33817902   0.38700000 
 -0.33191991  -1.33910815   0.38700000 
 -0.32724882  -1.34003729   0.38700000 
 -0.32257773  -1.34096643   0.38700000 
 -0.31790664  -1.34189556   0.38700000 
 -0.31323555  -1.34282470   0.38700000 
 -0.30856446  -1.34375384   0.38700000 
 -0.30389337  -1.34468297   0.38700000 
 -0.29922228  -1.34561211   0.38700000 
 -0.29455119  -1.34654125   0.38700000 
 -0.28988010  -1.34747038   0.38700000 
 -0.28520901  -1.34839952   0.38700000 
 -0.28053792  -1.34932866   0.38700000 
 -0.27586683  -1.35025779   0.38700000 
 -0.27119574  -1.35118693   0.38700000 
 -0.26652465  -1.35211607   0.38700000 
 -0.26185356  -1.35304521   0.38700000 
 -0.25718247  -1.35397434   0.38700000 
 -0.25251138  -1.35490348   0.38700000 
 -0.24784029  -1.35583262   0.38700000 
 -0.24316920  -1.35676175   0.38700000 
 -0.23849811  -1.35769089   0.38700000 
 -0.23382702  -1.35862003   0.38700000 
 -0.22915593  -1.35954916   0.38700000 
 -0.22448484  -1.36047830   0.38700000 
 -0.21981375  -1.36140744   0.38700000 
 -0.21514266  -1.36233657   0.38700000 
 -0.21047157  -1.36326571   0.38700000 
 -0.20580048  -1.36419485   0.38700000 
 -0.20112940  -1.36512398   0.38700000 
 -0.19645831  -1.36605312   0.38700000 
 -0.19178722  -1.36698226   0.38700000 
 -0.18711613  -1.36791139   0.38700000 
 -0.18244504  -1.36884053   0.38700000 
 -0.17777395  -1.36976967   0.38700000 
 -0.17310286  -1.37069881   0.38700000 
 -0.16843177  -1.37162794   0.38700000 
 -0.16376068  -1.37255708   0.38700000 
 -0.15908959  -1.37348622   0.38700000 
 -0.15441850  -1.37441535   0.38700000 
 -0.14974741  -1.37534449   0.38700000 
 -0.14507632  -1.37627363   0.38700000 
 -0.14040523  -1.37720276   0.38700000 
 -0.13573414  -1.37813190   0.38700000 
 -0.13646507  -1.38555313   0.38700000 
 -0.13719599  -1.39297436   0.38700000 
 -0.13792692  -1.40039559   0.38700000 
 -0.13865785  -1.40781681   0.38700000 
 -0.13938878  -1.41523804   0.38700000 
 -0.14011970  -1.42265927   0.38700000 
 -0.14085063  -1.43008050   0.38700000 
 -0.14085063  -1.43008050   0.38033437 
 -0.14085063  -1.43008050   0.37366874 
 -0.14085063  -1.43008050   0.36700312 
 -0.14085063  -1.43008050   0.36033749 
 -0.14085063  -1.43008050   0.35367186 
 -0.14085063  -1.43008050   0.34700623 
 -0.14085063  -1.43008050   0.34034060 
 -0.14085063  -1.43008050   0.33367498 
 -0.14085063  -1.43008050   0.32700935 
 -0.14085063  -1.43008050   0.32034372 
 -0.14085063  -1.43008050   0.31367809 
 -0.14085063  -1.43008050   0.30701246 
 -0.14085063  -1.43008050   0.30034684 
 -0.14085063  -1.43008050   0.29368121 
 -0.14085063  -1.43008050   0.28701558 
 -0.14085063  -1.43008050   0.28034995 
 -0.14085063  -1.43008050   0.27368432 
 -0.14085063  -1.43008050   0.26701870 
 -0.14085063  -1.43008050   0.26035307 
 -0.14085063  -1.43008050   0.25368744 
 -0.14085063  -1.43008050   0.24702181 
 -0.14085063  -1.43008050   0.24035618 
 -0.14085063  -1.43008050   0.23369056 
 -0.14085063  -1.43008050   0.22702493 
 -0.14085063  -1.43008050   0.22035930 
 -0.14085063  -1.43008050   0.21369367 
 -0.14085063  -1.43008050   0.20702804 
 -0.14085063  -1.43008050   0.20036242 
 -0.14085063  -1.43008050   0.19369679 
 -0.14085063  -1.43008050   0.18703116 
 -0.14085063  -1.43008050   0.18036553 
 -0.14085063  -1.43008050   0.17369990 
 -0.14085063  -1.43008050   0.16703428 
 -0.14085063  -1.43008050   0.16036865 
 -0.14085063  -1.43008050   0.15370302 
 -0.14085063  -1.43008050   0.14703739 
 -0.14085063  -1.43008050   0.14037176 
 -0.14085063  -1.43008050   0.13370614 
 -0.14085063  -1.43008050   0.12704051 
 -0.14085063  -1.43008050   0.12037488 
 -0.14085063  -1.43008050   0.11370925 
 -0.14085063  -1.43008050   0.10704362 
 -0.14085063  -1.43008050   0.10037799 
 -0.14085063  -1.43008050   0.09371237 
 -0.14085063  -1.43008050   0.08704674 
 -0.14085063  -1.43008050   0.08038111 
 -0.14085063  -1.43008050   0.07371548 
 -0.14085063  -1.43008050   0.06704985 
 -0.14085063  -1.43008050   0.06038423 
 -0.14085063  -1.43008050   0.05371860 
 -0.14085063  -1.43008050   0.04705297 
 -0.14085063  -1.43008050   0.04038734 
 -0.14085063  -1.43008050   0.03372171 
 -0.14085063  -1.43008050   0.02705609 
 -0.14085063  -1.43008050   0.02039046 
 -0.14085063  -1.43008050   0.01372483 
 -0.14085063  -1.43008050   0.00705920 
 -0.14085063  -1.43008050   0.00039357 
 -0.14085063  -1.43008050  -0.00627205 
 -0.14085063  -1.43008050  -0.01293768 
 -0.14085063  -1.43008050  -0.01960331 
 -0.14085063  -1.43008050  -0.02626894 
 -0.14085063  -1.43008050  -0.03293457 
 -0.14085063  -1.43008050  -0.03960019 
 -0.14085063  -1.43008050  -0.04626582 
 -0.14085063  -1.43008050  -0.05293145 
 -0.14085063  -1.43008050  -0.05959708 
 -0.14085063  -1.43008050  -0.06626271 
 -0.14085063  -1.43008050  -0.07292833 
 -0.14085063  -1.43008050  -0.07959396 
 -0.14085063  -1.43008050  -0.08625959 
 -0.14085063  -1.43008050  -0.09292522 
 -0.14085063  -1.43008050  -0.09959085 
 -0.14085063  -1.43008050  -0.10625647 
 -0.14085063  -1.43008050  -0.11292210 
 -0.14085063  -1.43008050  -0.11958773 
 -0.14742893  -1.42877200  -0.11958773 
 -0.15400722  -1.42746349  -0.11958773 
 -0.16058552  -1.42615499  -0.11958773 
 -0.16716382  -1.42484648  -0.11958773 
 -0.17374211  -1.42353798  -0.11958773 
 -0.18032041  -1.42222947  -0.11958773 
 -0.18689870  -1.42092097  -0.11958773 
 -0.19347700  -1.41961246  -0.11958773 
 -0.20005530  -1.41830396  -0.11958773 
 -0.20663359  -1.41699545  -0.11958773 
 -0.21321189  -1.41568695  -0.11958773 
 -0.21979019  -1.41437844  -0.11958773 
 -0.22636848  -1.41306994  -0.11958773 
 -0.23294678  -1.41176143  -0.11958773 
 -0.23952508  -1.41045293  -0.11958773 
 -0.24610337  -1.40914442  -0.11958773 
 -0.25268167  -1.40783592  -0.11958773 
 -0.25925997  -1.40652741  -0.11958773 
 -0.26583826  -1.40521891  -0.11958773 
 -0.27241656  -1.40391040  -0.11958773 
 -0.27899485  -1.40260190  -0.11958773 
 -0.28557315  -1.40129340  -0.11958773 
 -0.29215145  -1.39998489  -0.11958773 
 -0.29872974  -1.39867639  -0.11958773 
 -0.30530804  -1.39736788  -0.11958773 
 -0.31188634  -1.39605938  -0.11958773 
 -0.31846463  -1.39475087  -0.11958773 
 -0.32504293  -1.39344237  -0.11958773 
 -0.33162123  -1.39213386  -0.11958773 
 -0.33819952  -1.39082536  -0.11958773 
 -0.34477782  -1.38951685  -0.11958773 
 -0.35135612  -1.38820835  -0.11958773 
 -0.35793441  -1.38689984  -0.11958773 
 -0.36451271  -1.38559134  -0.11958773 
 -0.37109100  -1.38428283  -0.11958773 
 -0.37766930  -1.38297433  -0.11958773 
 -0.38424760  -1.38166582  -0.11958773 
 -0.39082589  -1.38035732  -0.11958773 
 -0.39740419  -1.37904881  -0.11958773 
 -0.40398249  -1.37774031  -0.11958773 
 -0.41056078  -1.37643180  -0.11958773 
 -0.41713908  -1.37512330  -0.11958773 
 -0.41713908  -1.37512330  -0.12627304 
 -0.41713908  -1.37512330  -0.13295834 
 -0.41713908  -1.37512330  -0.13964365 
 -0.41713908  -1.37512330  -0.14632896 
 -0.41713908  -1.37512330  -0.15301426 
 -0.41713908  -1.37512330  -0.15969957 
 -0.41713908  -1.37512330  -0.16638488 
 -0.41713908  -1.37512330  -0.17307018 
 -0.41713908  -1.37512330  -0.17975549 
 -0.41713908  -1.37512330  -0.18644080 
 -0.41713908  -1.37512330  -0.19312610 
 -0.41713908  -1.37512330  -0.19981141 
 -0.41713908  -1.37512330  -0.20649672 
 -0.41713908  -1.37512330  -0.21318202 
 -0.41713908  -1.37512330  -0.21986733 
 -0.41713908  -1.37512330  -0.22655264 
 -0.41713908  -1.37512330  -0.23323794 
 -0.41713908  -1.37512330  -0.23992325 
 -0.41713908  -1.37512330  -0.24660856 
 -0.41713908  -1.37512330  -0.25329387 
 -0.41713908  -1.37512330  -0.25997917 
 -0.41713908  -1.37512330  -0.26666448 
 -0.41713908  -1.37512330  -0.27334979 
 -0.41713908  -1.37512330  -0.28003509 
 -0.41713908  -1.37512330  -0.28672040 
 -0.41713908  -1.37512330  -0.29340571 
 -0.41713908  -1.37512330  -0.30009101 
 -0.41713908  -1.37512330  -0.30677632 
 -0.41713908  -1.37512330  -0.31346163 
 -0.41713908  -1.37512330  -0.32014693 
 -0.41713908  -1.37512330  -0.32683224 
 -0.41713908  -1.37512330  -0.33351755 
 -0.41713908  -1.37512330  -0.34020285 
 -0.41713908  -1.37512330  -0.34688816 
 -0.41713908  -1.37512330  -0.35357347 
 -0.41713908  -1.37512330  -0.36025877 
 -0.41713908  -1.37512330  -0.36694408 
 -0.41713908  -1.37512330  -0.37362939 
 -0.41713908  -1.37512330  -0.38031469 
 -0.41713908  -1.37512330  -0.38700000 
 -0.41522760  -1.36882201  -0.38700000 
 -0.41331613  -1.36252071  -0.38700000 
 -0.41140465  -1.35621942  -0.38700000 
 -0.40949317  -1.34991813  -0.38700000 
 -0.40758170  -1.34361683  -0.38700000 
 -0.40567022  -1.33731554  -0.38700000 
 -0.40375875  -1.33101425  -0.38700000 
 -0.40184727  -1.32471295  -0.38700000 
 -0.39993579  -1.31841166  -0.38700000 
 -0.39802432  -1.31211037  -0.38700000 
 -0.39611284  -1.30580907  -0.38700000 
 -0.39420136  -1.29950778  -0.38700000 
 -0.39228989  -1.29320648  -0.38700000 
 -0.39037841  -1.28690519  -0.38700000 
 -0.38846694  -1.28060390  -0.38700000 
 -0.38655546  -1.27430260  -0.38700000 
 -0.38464398  -1.26800131  -0.38700000 
 -0.38273251  -1.26170002  -0.38700000 
 -0.38082103  -1.25539872  -0.38700000 
 -0.37890955  -1.24909743  -0.38700000 
 -0.37699808  -1.24279614  -0.38700000 
 -0.37508660  -1.23649484  -0.38700000 
 -0.37317512  -1.23019355  -0.38700000 
 -0.37126365  -1.22389226  -0.38700000 
 -0.36935217  -1.21759096  -0.38700000 
 -0.36744070  -1.21128967  -0.38700000 
 -0.36552922  -1.20498838  -0.38700000 
 -0.36361774  -1.19868708  -0.38700000 
 -0.36170627  -1.19238579  -0.38700000 
 -0.35979479  -1.18608450  -0.38700000 
 -0.35788331  -1.17978320  -0.38700000 
 -0.35597184  -1.17348191  -0.38700000 
 -0.35406036  -1.16718062  -0.38700000 
 -0.35214889  -1.16087932  -0.38700000 
 -0.35023741  -1.15457803  -0.38700000 
 -0.34832593  -1.14827673  -0.38700000 
 -0.34641446  -1.14197544  -0.38700000 
 -0.34450298  -1.13567415  -0.38700000 
 -0.34259150  -1.12937285  -0.38700000 
 -0.34068003  -1.12307156  -0.38700000 
 -0.33876855  -1.11677027  -0.38700000 
 -0.33685708  -1.11046897  -0.38700000 
 -0.33494560  -1.10416768  -0.38700000 
 -0.33303412  -1.09786639  -0.38700000 
 -0.33112265  -1.09156509  -0.38700000 
 -0.32921117  -1.08526380  -0.38700000 
 -0.32260359  -1.08657813  -0.38700000 
 -0.31599601  -1.08789246  -0.38700000 
 -0.30938843  -1.08920679  -0.38700000 
 -0.30278085  -1.09052112  -0.38700000 
 -0.29617327  -1.09183545  -0.38700000 
 -0.28956569  -1.09314978  -0.38700000 
 -0.28295811  -1.09446411  -0.38700000 
 -0.27635053  -1.09577844  -0.38700000 
 -0.26974294  -1.09709277  -0.38700000 
 -0.26313536  -1.09840710  -0.38700000 
 -0.25652778  -1.09972143  -0.38700000 
 -0.24992020  -1.10103576  -0.38700000 
 -0.24331262  -1.10235009  -0.38700000 
 -0.23670504  -1.10366442  -0.38700000 
 -0.23009746  -1.10497875  -0.38700000 
 -0.22348988  -1.10629308  -0.38700000 
 -0.21688230  -1.10760742  -0.38700000 
 -0.21027472  -1.10892175  -0.38700000 
 -0.20366714  -1.11023608  -0.38700000 
 -0.19705956  -1.11155041  -0.38700000 
 -0.19045198  -1.11286474  -0.38700000 
 -0.18384440  -1.11417907  -0.38700000 
 -0.17723682  -1.11549340  -0.38700000 
 -0.17062924  -1.11680773  -0.38700000 
 -0.16402165  -1.11812206  -0.38700000 
 -0.15741407  -1.11943639  -0.38700000 
 -0.15080649  -1.12075072  -0.38700000 
 -0.14419891  -1.12206505  -0.38700000 
 -0.13759133  -1.12337938  -0.38700000 
 -0.13098375  -1.12469371  -0.38700000 
 -0.12437617  -1.12600804  -0.38700000 
 -0.11776859  -1.12732237  -0.38700000 
 -0.11116101  -1.12863670  -0.38700000 
 -0.11051003  -1.12202716  -0.38700000 
 -0.10985904  -1.11541761  -0.38700000 
 -0.10920806  -1.10880807  -0.38700000 
 -0.10855708  -1.10219853  -0.38700000 
 -0.10790609  -1.09558899  -0.38700000 
 -0.10725511  -1.08897944  -0.38700000 
 -0.10660413  -1.08236990  -0.38700000 
 -0.10595315  -1.07576036  -0.38700000 
 -0.10530216  -1.06915082  -0.38700000 
 -0.10465118  -1.06254127  -0.38700000 
 -0.10400020  -1.05593173  -0.38700000 
 -0.10334921  -1.04932219  -0.38700000 
 -0.10269823  -1.04271265  -0.38700000 
 -0.10204725  -1.03610310  -0.38700000 
 -0.10139626  -1.02949356  -0.38700000 
 -0.10074528  -1.02288402  -0.38700000 
 -0.10009430  -1.01627447  -0.38700000 
 -0.09944331  -1.00966493  -0.38700000 
 -0.09879233  -1.00305539  -0.38700000 
 -0.09814135  -0.99644585  -0.38700000 
 -0.09749037  -0.98983630  -0.38700000 
 -0.09683938  -0.98322676  -0.38700000 
 -0.09618840  -0.97661722  -0.38700000 
 -0.09553742  -0.97000768  -0.38700000 
 -0.09488643  -0.96339813  -0.38700000 
 -0.09423545  -0.95678859  -0.38700000 
 -0.09358447  -0.95017905  -0.38700000 
 -0.09293348  -0.94356951  -0.38700000 
 -0.09228250  -0.93695996  -0.38700000 
 -0.09163152  -0.93035042  -0.38700000 
 -0.09098053  -0.92374088  -0.38700000 
 -0.09032955  -0.91713134  -0.38700000 
 -0.08967857  -0.91052179  -0.38700000 
 -0.08902759  -0.90391225  -0.38700000 
 -0.08837660  -0.89730271  -0.38700000 
 -0.08772562  -0.89069316  -0.38700000 
 -0.08707464  -0.88408362  -0.38700000 
 -0.08642365  -0.87747408  -0.38700000 
 -0.08577267  -0.87086454  -0.38700000 
 -0.08512169  -0.86425499  -0.38700000 
 -0.08447070  -0.85764545  -0.38700000 
 -0.08381972  -0.85103591  -0.38700000 
 -0.08316874  -0.84442637  -0.38700000 
 -0.08251775  -0.83781682  -0.38700000 
 -0.08186677  -0.83120728  -0.38700000 
 -0.08121579  -0.82459774  -0.38700000 
 -0.08056481  -0.81798820  -0.38700000 
 -0.07991382  -0.81137865  -0.38700000 
 -0.07926284  -0.80476911  -0.38700000 
 -0.08574116  -0.80348049  -0.38700000 
 -0.09221948  -0.80219187  -0.38700000 
 -0.09869780  -0.80090326  -0.38700000 
 -0.10517611  -0.79961464  -0.38700000 
 -0.11165443  -0.79832602  -0.38700000 
 -0.11813275  -0.79703740  -0.38700000 
 -0.12461107  -0.79574879  -0.38700000 
 -0.13108939  -0.79446017  -0.38700000 
 -0.13756771  -0.79317155  -0.38700000 
 -0.14404603  -0.79188293  -0.38700000 
 -0.15052435  -0.79059432  -0.38700000 
 -0.15700266  -0.78930570  -0.38700000 
 -0.16348098  -0.78801708  -0.38700000 
 -0.16995930  -0.78672846  -0.38700000 
 -0.17643762  -0.78543985  -0.38700000 
 -0.18291594  -0.78415123  -0.38700000 
 -0.18939426  -0.78286261  -0.38700000 
 -0.19587258  -0.78157400  -0.38700000 
 -0.20235090  -0.78028538  -0.38700000 
 -0.20882921  -0.77899676  -0.38700000 
 -0.21530753  -0.77770814  -0.38700000 
 -0.22178585  -0.77641952  -0.38700000 
 -0.22826417  -0.77513091  -0.38700000 
 -0.23474249  -0.77384229  -0.38700000 
 -0.23667042  -0.78019783  -0.38700000 
 -0.23859835  -0.78655337  -0.38700000 
 -0.24052629  -0.79290891  -0.38700000 
 -0.24245422  -0.79926445  -0.38700000 
 -0.24438215  -0.80562000  -0.38700000 
 -0.24631008  -0.81197554  -0.38700000 
 -0.24823802  -0.81833108  -0.38700000 
 -0.25016595  -0.82468662  -0.38700000 
 -0.25209388  -0.83104216  -0.38700000 
 -0.25402181  -0.83739770  -0.38700000 
 -0.25594974  -0.84375324  -0.38700000 
 -0.25787768  -0.85010878  -0.38700000 
 -0.25980561  -0.85646432  -0.38700000 
 -0.26173354  -0.86281986  -0.38700000 
 -0.26366147  -0.86917541  -0.38700000 
 -0.26558941  -0.87553095  -0.38700000 
 -0.26751734  -0.88188649  -0.38700000 
 -0.26944527  -0.88824203  -0.38700000 
 -0.27137320  -0.89459757  -0.38700000 
 -0.27330113  -0.90095311  -0.38700000 
 -0.27522907  -0.90730865  -0.38700000 
 -0.27715700  -0.91366419  -0.38700000 
 -0.27908493  -0.92001973  -0.38700000 
 -0.28101286  -0.92637527  -0.38700000 
 -0.28294080  -0.93273082  -0.38700000 
 -0.28486873  -0.93908636  -0.38700000 
 -0.28679666  -0.94544190  -0.38700000 
 -0.28872459  -0.95179744  -0.38700000 
 -0.29065253  -0.95815298  -0.38700000 
 -0.29258046  -0.96450852  -0.38700000 
 -0.29450839  -0.97086406  -0.38700000 
 -0.29643632  -0.97721960  -0.38700000 
 -0.29836425  -0.98357514  -0.38700000 
 -0.30029219  -0.98993068  -0.38700000 
 -0.30222012  -0.99628623  -0.38700000 
 -0.30414805  -1.00264177  -0.38700000 
 -0.30607598  -1.00899731  -0.38700000 
 -0.30800392  -1.01535285  -0.38700000 
 -0.30993185  -1.02170839  -0.38700000 
 -0.31185978  -1.02806393  -0.38700000 
 -0.31378771  -1.03441947  -0.38700000 
 -0.31571564  -1.04077501  -0.38700000 
 -0.31764358  -1.04713055  -0.38700000 
 -0.31957151  -1.05348609  -0.38700000 
 -0.32149944  -1.05984164  -0.38700000 
 -0.32342737  -1.06619718  -0.38700000 
 -0.32535531  -1.07255272  -0.38700000 
 -0.32728324  -1.07890826  -0.38700000 
 -0.32921117  -1.08526380  -0.38700000 
 -0.32260359  -1.08657813  -0.38700000 
 -0.31599601  -1.08789246  -0.38700000 
 -0.30938843  -1.08920679  -0.38700000 
 -0.30278085  -1.09052112  -0.38700000 
 -0.29617327  -1.09183545  -0.38700000 
 -0.28956569  -1.09314978  -0.38700000 
 -0.28295811  -1.09446411  -0.38700000 
 -0.27635053  -1.09577844  -0.38700000 
 -0.26974294  -1.09709277  -0.38700000 
 -0.26313536  -1.09840710  -0.38700000 
 -0.25652778  -1.09972143  -0.38700000 
 -0.24992020  -1.10103576  -0.38700000 
 -0.24331262  -1.10235009  -0.38700000 
 -0.23670504  -1.10366442  -0.38700000 
 -0.23009746  -1.10497875  -0.38700000 
 -0.22348988  -1.10629308  -0.38700000 
 -0.21688230  -1.10760742  -0.38700000 
 -0.21027472  -1.10892175  -0.38700000 
 -0.20366714  -1.11023608  -0.38700000 
 -0.19705956  -1.11155041  -0.38700000 
 -0.19045198  -1.11286474  -0.38700000 
 -0.18384440  -1.11417907  -0.38700000 
 -0.17723682  -1.11549340  -0.38700000 
 -0.17062924  -1.11680773  -0.38700000 
 -0.16402165  -1.11812206  -0.38700000 
 -0.15741407  -1.11943639  -0.38700000 
 -0.15080649  -1.12075072  -0.38700000 
 -0.14419891  -1.12206505  -0.38700000 
 -0.13759133  -1.12337938  -0.38700000 
 -0.13098375  -1.12469371  -0.38700000 
 -0.12437617  -1.12600804  -0.38700000 
 -0.11776859  -1.12732237  -0.38700000 
 -0.11116101  -1.12863670  -0.38700000 
 -0.11180644  -1.13518983  -0.38700000 
 -0.11245186  -1.14174295  -0.38700000 
 -0.11309729  -1.14829608  -0.38700000 
 -0.11374272  -1.15484920  -0.38700000 
 -0.11438814  -1.16140233  -0.38700000 
 -0.11503357  -1.16795546  -0.38700000 
 -0.11567900  -1.17450858  -0.38700000 
 -0.11632442  -1.18106171  -0.38700000 
 -0.11696985  -1.18761483  -0.38700000 
 -0.11761528  -1.19416796  -0.38700000 
 -0.11826070  -1.20072109  -0.38700000 
 -0.11890613  -1.20727421  -0.38700000 
 -0.11955155  -1.21382734  -0.38700000 
 -0.12019698  -1.22038047  -0.38700000 
 -0.12084241  -1.22693359  -0.38700000 
 -0.12148783  -1.23348672  -0.38700000 
 -0.12213326  -1.24003984  -0.38700000 
 -0.12277869  -1.24659297  -0.38700000 
 -0.12342411  -1.25314610  -0.38700000 
 -0.12406954  -1.25969922  -0.38700000 
 -0.12471497  -1.26625235  -0.38700000 
 -0.12536039  -1.27280547  -0.38700000 
 -0.12600582  -1.27935860  -0.38700000 
 -0.12665125  -1.28591173  -0.38700000 
 -0.12729667  -1.29246485  -0.38700000 
 -0.12794210  -1.29901798  -0.38700000 
 -0.12858753  -1.30557110  -0.38700000 
 -0.12923295  -1.31212423  -0.38700000 
 -0.12987838  -1.31867736  -0.38700000 
 -0.13052381  -1.32523048  -0.38700000 
 -0.13116923  -1.33178361  -0.38700000 
 -0.13181466  -1.33833673  -0.38700000 
 -0.13246009  -1.34488986  -0.38700000 
 -0.13310551  -1.35144299  -0.38700000 
 -0.13375094  -1.35799611  -0.38700000 
 -0.13439636  -1.36454924  -0.38700000 
 -0.13504179  -1.37110237  -0.38700000 
 -0.13568722  -1.37765549  -0.38700000 
 -0.13633264  -1.38420862  -0.38700000 
 -0.13697807  -1.39076174  -0.38700000 
 -0.13762350  -1.39731487  -0.38700000 
 -0.13826892  -1.40386800  -0.38700000 
 -0.13891435  -1.41042112  -0.38700000 
 -0.13955978  -1.41697425  -0.38700000 
 -0.14020520  -1.42352737  -0.38700000 
 -0.14085063  -1.43008050  -0.38700000 
 -0.14085063  -1.43008050  -0.38031469 
 -0.14085063  -1.43008050  -0.37362939 
 -0.14085063  -1.43008050  -0.36694408 
 -0.14085063  -1.43008050  -0.36025877 
 -0.14085063  -1.43008050  -0.35357347 
 -0.14085063  -1.43008050  -0.34688816 
 -0.14085063  -1.43008050  -0.34020285 
 -0.14085063  -1.43008050  -0.33351755 
 -0.14085063  -1.43008050  -0.32683224 
 -0.14085063  -1.43008050  -0.32014693 
 -0.14085063  -1.43008050  -0.31346163 
 -0.14085063  -1.43008050  -0.30677632 
 -0.14085063  -1.43008050  -0.30009101 
 -0.14085063  -1.43008050  -0.29340571 
 -0.14085063  -1.43008050  -0.28672040 
 -0.14085063  -1.43008050  -0.28003509 
 -0.14085063  -1.43008050  -0.27334979 
 -0.14085063  -1.43008050  -0.26666448 
 -0.14085063  -1.43008050  -0.25997917 
 -0.14085063  -1.43008050  -0.25329387 
 -0.14085063  -1.43008050  -0.24660856 
 -0.14085063  -1.43008050  -0.23992325 
 -0.14085063  -1.43008050  -0.23323794 
 -0.14085063  -1.43008050  -0.22655264 
 -0.14085063  -1.43008050  -0.21986733 
 -0.14085063  -1.43008050  -0.21318202 
 -0.14085063  -1.43008050  -0.20649672 
 -0.14085063  -1.43008050  -0.19981141 
 -0.14085063  -1.43008050  -0.19312610 
 -0.14085063  -1.43008050  -0.18644080 
 -0.14085063  -1.43008050  -0.17975549 
 -0.14085063  -1.43008050  -0.17307018 
 -0.14085063  -1.43008050  -0.16638488 
 -0.14085063  -1.43008050  -0.15969957 
 -0.14085063  -1.43008050  -0.15301426 
 -0.14085063  -1.43008050  -0.14632896 
 -0.14085063  -1.43008050  -0.13964365 
 -0.14085063  -1.43008050  -0.13295834 
 -0.14085063  -1.43008050  -0.12627304 
 -0.14085063  -1.43008050  -0.11958773 
 -0.14742893  -1.42877200  -0.11958773 
 -0.15400722  -1.42746349  -0.11958773 
 -0.16058552  -1.42615499  -0.11958773 
 -0.16716382  -1.42484648  -0.11958773 
 -0.17374211  -1.42353798  -0.11958773 
 -0.18032041  -1.42222947  -0.11958773 
 -0.18689870  -1.42092097  -0.11958773 
 -0.19347700  -1.41961246  -0.11958773 
 -0.20005530  -1.41830396  -0.11958773 
 -0.20663359  -1.41699545  -0.11958773 
 -0.21321189  -1.41568695  -0.11958773 
 -0.21979019  -1.41437844  -0.11958773 
 -0.22636848  -1.41306994  -0.11958773 
 -0.23294678  -1.41176143  -0.11958773 
 -0.23952508  -1.41045293  -0.11958773 
 -0.24610337  -1.40914442  -0.11958773 
 -0.25268167  -1.40783592  -0.11958773 
 -0.25925997  -1.40652741  -0.11958773 
 -0.26583826  -1.40521891  -0.11958773 
 -0.27241656  -1.40391040  -0.11958773 
 -0.27899485  -1.40260190  -0.11958773 
 -0.28557315  -1.40129340  -0.11958773 
 -0.29215145  -1.39998489  -0.11958773 
 -0.29872974  -1.39867639  -0.11958773 
 -0.30530804  -1.39736788  -0.11958773 
 -0.31188634  -1.39605938  -0.11958773 
 -0.31846463  -1.39475087  -0.11958773 
 -0.32504293  -1.39344237  -0.11958773 
 -0.33162123  -1.39213386  -0.11958773 
 -0.33819952  -1.39082536  -0.11958773 
 -0.34477782  -1.38951685  -0.11958773 
 -0.35135612  -1.38820835  -0.11958773 
 -0.35793441  -1.38689984  -0.11958773 
 -0.36451271  -1.38559134  -0.11958773 
 -0.37109100  -1.38428283  -0.11958773 
 -0.37766930  -1.38297433  -0.11958773 
 -0.38424760  -1.38166582  -0.11958773 
 -0.39082589  -1.38035732  -0.11958773 
 -0.39740419  -1.37904881  -0.11958773 
 -0.40398249  -1.37774031  -0.11958773 
 -0.41056078  -1.37643180  -0.11958773 
 -0.41713908  -1.37512330  -0.11958773 
 -0.41713908  -1.37512330  -0.11292210 
 -0.41713908  -1.37512330  -0.10625647 
 -0.41713908  -1.37512330  -0.09959085 
 -0.41713908  -1.37512330  -0.09292522 
 -0.41713908  -1.37512330  -0.08625959 
 -0.41713908  -1.37512330  -0.07959396 
 -0.41713908  -1.37512330  -0.07292833 
 -0.41713908  -1.37512330  -0.06626271 
 -0.41713908  -1.37512330  -0.05959708 
 -0.41713908  -1.37512330  -0.05293145 
 -0.41713908  -1.37512330  -0.04626582 
 -0.41713908  -1.37512330  -0.03960019 
 -0.41713908  -1.37512330  -0.03293457 
 -0.41713908  -1.37512330  -0.02626894 
 -0.41713908  -1.37512330  -0.01960331 
 -0.41713908  -1.37512330  -0.01293768 
 -0.41713908  -1.37512330  -0.00627205 
 -0.41713908  -1.37512330   0.00039357 
 -0.41713908  -1.37512330   0.00705920 
 -0.41713908  -1.37512330   0.01372483 
 -0.41713908  -1.37512330   0.02039046 
 -0.41713908  -1.37512330   0.02705609 
 -0.41713908  -1.37512330   0.03372171 
 -0.41713908  -1.37512330   0.04038734 
 -0.41713908  -1.37512330   0.04705297 
 -0.41713908  -1.37512330   0.05371860 
 -0.41713908  -1.37512330   0.06038423 
 -0.41713908  -1.37512330   0.06704985 
 -0.41713908  -1.37512330   0.07371548 
 -0.41713908  -1.37512330   0.08038111 
 -0.41713908  -1.37512330   0.08704674 
 -0.41713908  -1.37512330   0.09371237 
 -0.41713908  -1.37512330   0.10037799 
 -0.41713908  -1.37512330   0.10704362 
 -0.41713908  -1.37512330   0.11370925 
 -0.41713908  -1.37512330   0.12037488 
 -0.41713908  -1.37512330   0.12704051 
 -0.41713908  -1.37512330   0.13370614 
 -0.41713908  -1.37512330   0.14037176 
 -0.41713908  -1.37512330   0.14703739 
 -0.41713908  -1.37512330   0.15370302 
 -0.41713908  -1.37512330   0.16036865 
 -0.41713908  -1.37512330   0.16703428 
 -0.41713908  -1.37512330   0.17369990 
 -0.41713908  -1.37512330   0.18036553 
 -0.41713908  -1.37512330   0.18703116 
 -0.41713908  -1.37512330   0.19369679 
 -0.41713908  -1.37512330   0.20036242 
 -0.41713908  -1.37512330   0.20702804 
 -0.41713908  -1.37512330   0.21369367 
 -0.41713908  -1.37512330   0.22035930 
 -0.41713908  -1.37512330   0.22702493 
 -0.41713908  -1.37512330   0.23369056 
 -0.41713908  -1.37512330   0.24035618 
 -0.41713908  -1.37512330   0.24702181 
 -0.41713908  -1.37512330   0.25368744 
 -0.41713908  -1.37512330   0.26035307 
 -0.41713908  -1.37512330   0.26701870 
 -0.41713908  -1.37512330   0.27368432 
 -0.41713908  -1.37512330   0.28034995 
 -0.41713908  -1.37512330   0.28701558 
 -0.41713908  -1.37512330   0.29368121 
 -0.41713908  -1.37512330   0.30034684 
 -0.41713908  -1.37512330   0.30701246 
 -0.41713908  -1.37512330   0.31367809 
 -0.41713908  -1.37512330   0.32034372 
 -0.41713908  -1.37512330   0.32700935 
 -0.41713908  -1.37512330   0.33367498 
 -0.41713908  -1.37512330   0.34034060 
 -0.41713908  -1.37512330   0.34700623 
 -0.41713908  -1.37512330   0.35367186 
 -0.41713908  -1.37512330   0.36033749 
 -0.41713908  -1.37512330   0.36700312 
 -0.41713908  -1.37512330   0.37366874 
 -0.41713908  -1.37512330   0.38033437 
 -0.41713908  -1.37512330   0.38700000 
 -0.41497439  -1.36798727   0.38700000 
 -0.41280970  -1.36085124   0.38700000 
 -0.41064501  -1.35371521   0.38700000 
 -0.40848032  -1.34657919   0.38700000 
 -0.40631563  -1.33944316   0.38700000 
 -0.40415094  -1.33230713   0.38700000 
 -0.40198625  -1.32517110   0.38700000 
 -0.39549230  -1.32646283   0.38700000 
 -0.38899834  -1.32775455   0.38700000 
 -0.38250439  -1.32904628   0.38700000 
 -0.37601043  -1.33033801   0.38700000 
 -0.36951648  -1.33162973   0.38700000 
 -0.36302253  -1.33292146   0.38700000 
 -0.35652857  -1.33421319   0.38700000 
 -0.35003462  -1.33550491   0.38700000 
 -0.34354066  -1.33679664   0.38700000 
 -0.33704671  -1.33808837   0.38700000 
 -0.33055276  -1.33938010   0.38700000 
 -0.32405880  -1.34067182   0.38700000 
 -0.31756485  -1.34196355   0.38700000 
 -0.31107090  -1.34325528   0.38700000 
 -0.30457694  -1.34454700   0.38700000 
 -0.29808299  -1.34583873   0.38700000 
 -0.29158903  -1.34713046   0.38700000 
 -0.28509508  -1.34842218   0.38700000 
 -0.27860113  -1.34971391   0.38700000 
 -0.27210717  -1.35100564   0.38700000 
 -0.26561322  -1.35229736   0.38700000 
 -0.25911926  -1.35358909   0.38700000 
 -0.25262531  -1.35488082   0.38700000 
 -0.24613136  -1.35617254   0.38700000 
 -0.23963740  -1.35746427   0.38700000 
 -0.23314345  -1.35875600   0.38700000 
 -0.22664949  -1.36004772   0.38700000 
 -0.22015554  -1.36133945   0.38700000 
 -0.21366159  -1.36263118   0.38700000 
 -0.20716763  -1.36392290   0.38700000 
 -0.20067368  -1.36521463   0.38700000 
 -0.19417973  -1.36650636   0.38700000 
 -0.18768577  -1.36779809   0.38700000 
 -0.18119182  -1.36908981   0.38700000 
 -0.17469786  -1.37038154   0.38700000 
 -0.16820391  -1.37167327   0.38700000 
 -0.16170996  -1.37296499   0.38700000 
 -0.15521600  -1.37425672   0.38700000 
 -0.14872205  -1.37554845   0.38700000 
 -0.14222809  -1.37684017   0.38700000 
 -0.13573414  -1.37813190   0.38700000 
 -0.13508006  -1.37149092   0.38700000 
 -0.13442598  -1.36484995   0.38700000 
 -0.13377190  -1.35820897   0.38700000 
 -0.13311782  -1.35156800   0.38700000 
 -0.13246375  -1.34492702   0.38700000 
 -0.13180967  -1.33828604   0.38700000 
 -0.13115559  -1.33164507   0.38700000 
 -0.13050151  -1.32500409   0.38700000 
 -0.12984743  -1.31836311   0.38700000 
 -0.12919335  -1.31172214   0.38700000 
 -0.12853927  -1.30508116   0.38700000 
 -0.12788519  -1.29844019   0.38700000 
 -0.12723111  -1.29179921   0.38700000 
 -0.12657703  -1.28515823   0.38700000 
 -0.12592296  -1.27851726   0.38700000 
 -0.12526888  -1.27187628   0.38700000 
 -0.12461480  -1.26523531   0.38700000 
 -0.12396072  -1.25859433   0.38700000 
 -0.12330664  -1.25195335   0.38700000 
 -0.12265256  -1.24531238   0.38700000 
 -0.12199848  -1.23867140   0.38700000 
 -0.12134440  -1.23203043   0.38700000 
 -0.12069032  -1.22538945   0.38700000 
 -0.12003624  -1.21874847   0.38700000 
 -0.11938217  -1.21210750   0.38700000 
 -0.11872809  -1.20546652   0.38700000 
 -0.11807401  -1.19882554   0.38700000 
 -0.11741993  -1.19218457   0.38700000 
 -0.11676585  -1.18554359   0.38700000 
 -0.11611177  -1.17890262   0.38700000 
 -0.11545769  -1.17226164   0.38700000 
 -0.11480361  -1.16562066   0.38700000 
 -0.11414953  -1.15897969   0.38700000 
 -0.11349545  -1.15233871   0.38700000 
 -0.11284138  -1.14569774   0.38700000 
 -0.11218730  -1.13905676   0.38700000 
 -0.11153322  -1.13241578   0.38700000 
 -0.11087914  -1.12577481   0.38700000 
 -0.11022506  -1.11913383   0.38700000 
 -0.10957098  -1.11249285   0.38700000 
 -0.10891690  -1.10585188   0.38700000 
 -0.10826282  -1.09921090   0.38700000 
 -0.10760874  -1.09256993   0.38700000 
 -0.10695466  -1.08592895   0.38700000 
 -0.10630059  -1.07928797   0.38700000 
 -0.10564651  -1.07264700   0.38700000 
 -0.10499243  -1.06600602   0.38700000 
 -0.10433835  -1.05936505   0.38700000 
 -0.10368427  -1.05272407   0.38700000 
 -0.10303019  -1.04608309   0.38700000 
 -0.10237611  -1.03944212   0.38700000 
 -0.10172203  -1.03280114   0.38700000 
 -0.10106795  -1.02616017   0.38700000 
 -0.10041387  -1.01951919   0.38700000 
 -0.09975980  -1.01287821   0.38700000 
 -0.09910572  -1.00623724   0.38700000 
 -0.09845164  -0.99959626   0.38700000 
 -0.09779756  -0.99295528   0.38700000 
 -0.09714348  -0.98631431   0.38700000 
 -0.09648940  -0.97967333   0.38700000 
 -0.09583532  -0.97303236   0.38700000 
 -0.09518124  -0.96639138   0.38700000 
 -0.10184927  -0.96506503   0.38700000 
 -0.10851729  -0.96373867   0.38700000 
 -0.11518532  -0.96241232   0.38700000 
 -0.12185335  -0.96108597   0.38700000 
 -0.12852137  -0.95975962   0.38700000 
 -0.13518940  -0.95843326   0.38700000 
 -0.14185742  -0.95710691   0.38700000 
 -0.14852545  -0.95578056   0.38700000 
 -0.15519348  -0.95445420   0.38700000 
 -0.16186150  -0.95312785   0.38700000 
 -0.16852953  -0.95180150   0.38700000 
 -0.17519755  -0.95047515   0.38700000 
 -0.18186558  -0.94914879   0.38700000 
 -0.18853361  -0.94782244   0.38700000 
 -0.19520163  -0.94649609   0.38700000 
 -0.20186966  -0.94516973   0.38700000 
 -0.20853768  -0.94384338   0.38700000 
 -0.21520571  -0.94251703   0.38700000 
 -0.22187374  -0.94119068   0.38700000 
 -0.22854176  -0.93986432   0.38700000 
 -0.23520979  -0.93853797   0.38700000 
 -0.24187781  -0.93721162   0.38700000 
 -0.24854584  -0.93588526   0.38700000 
 -0.25521387  -0.93455891   0.38700000 
 -0.26188189  -0.93323256   0.38700000 
 -0.26854992  -0.93190621   0.38700000 
 -0.27521794  -0.93057985   0.38700000 
 -0.28188597  -0.92925350   0.38700000 
 -0.27994190  -0.92284476   0.38700000 
 -0.27799783  -0.91643602   0.38700000 
 -0.27605376  -0.91002728   0.38700000 
 -0.27410969  -0.90361854   0.38700000 
 -0.27216562  -0.89720980   0.38700000 
 -0.27022155  -0.89080106   0.38700000 
 -0.26827748  -0.88439232   0.38700000 
 -0.26633341  -0.87798358   0.38700000 
 -0.26438934  -0.87157484   0.38700000 
 -0.26244527  -0.86516610   0.38700000 
 -0.26050120  -0.85875736   0.38700000 
 -0.25855713  -0.85234861   0.38700000 
 -0.25661306  -0.84593987   0.38700000 
 -0.25466899  -0.83953113   0.38700000 
 -0.25272492  -0.83312239   0.38700000 
 -0.25078085  -0.82671365   0.38700000 
 -0.24883678  -0.82030491   0.38700000 
 -0.24689271  -0.81389617   0.38700000 
 -0.24494864  -0.80748743   0.38700000 
 -0.24300457  -0.80107869   0.38700000 
 -0.24106050  -0.79466995   0.38700000 
 -0.23911643  -0.78826121   0.38700000 
 -0.23717235  -0.78185247   0.38700000 
 -0.23522828  -0.77544373   0.38700000 
 -0.23328421  -0.76903499   0.38700000 
 -0.23134014  -0.76262625   0.38700000 
 -0.22939607  -0.75621751   0.38700000 
 -0.22745200  -0.74980877   0.38700000 
 -0.22550793  -0.74340003   0.38700000 
 -0.22356386  -0.73699129   0.38700000 
 -0.22161979  -0.73058255   0.38700000 
 -0.21967572  -0.72417381   0.38700000 
 -0.21773165  -0.71776507   0.38700000 
 -0.21578758  -0.71135633   0.38700000 
 -0.21384351  -0.70494758   0.38700000 
 -0.21189944  -0.69853884   0.38700000 
 -0.20995537  -0.69213010   0.38700000 
 -0.20801130  -0.68572136   0.38700000 
 -0.20606723  -0.67931262   0.38700000 
 -0.20412316  -0.67290388   0.38700000 
 -0.20217909  -0.66649514   0.38700000 
 -0.20023502  -0.66008640   0.38700000 
 -0.19829095  -0.65367766   0.38700000 
 -0.19634688  -0.64726892   0.38700000 
 -0.19440281  -0.64086018   0.38700000 
 -0.19245874  -0.63445144   0.38700000 